n	n:500	L50	min	N80	N50	N20	E-size	max	sum	name
155989	23629	6368	500	858	1516	2662	1861	13559	30.42e6	CH0328_20-scaffolds.fa
53936	8394	1513	500	3208	7201	13839	8908	38939	36.41e6	CH0328_30-scaffolds.fa
36558	7904	1473	500	3484	7591	14027	9193	43076	36.71e6	CH0328_40-scaffolds.fa
28769	7762	1406	500	3597	8013	14795	9707	43742	36.99e6	CH0328_50-scaffolds.fa
24110	8025	1441	500	3496	7928	14472	9564	42143	37.24e6	CH0328_60-scaffolds.fa
21473	8091	1459	500	3493	7826	14296	9542	48153	37.45e6	CH0328_70-scaffolds.fa
20075	8321	1528	500	3400	7468	14106	9182	41458	37.67e6	CH0328_80-scaffolds.fa
19809	9349	1799	500	2972	6299	11777	7836	41458	37.64e6	CH0328_90-scaffolds.fa
168192	23505	6288	500	869	1551	2733	1891	9486	30.76e6	CH0532_20-scaffolds.fa
56336	9221	1745	500	2924	6345	11834	7829	46909	36.42e6	CH0532_30-scaffolds.fa
37938	8430	1594	500	3300	7047	13101	8708	39207	36.89e6	CH0532_40-scaffolds.fa
29798	8744	1655	500	3170	6864	12558	8352	46805	37.11e6	CH0532_50-scaffolds.fa
24852	8424	1572	500	3389	7311	13342	8892	50440	37.43e6	CH0532_60-scaffolds.fa
22313	9066	1689	500	3088	6723	12621	8277	39056	37.6e6	CH0532_70-scaffolds.fa
21018	9295	1746	500	2990	6557	12397	8090	42593	37.86e6	CH0532_80-scaffolds.fa
20795	10351	2030	500	2638	5671	10484	6957	38455	37.8e6	CH0532_90-scaffolds.fa
160565	23530	6295	500	860	1532	2714	1890	13750	30.54e6	CH0595_20-scaffolds.fa
54490	9536	1751	500	2735	6113	11889	7824	59643	36.26e6	CH0595_30-scaffolds.fa
38230	7678	1357	500	3583	7985	15430	10419	55647	36.84e6	CH0595_40-scaffolds.fa
30073	7564	1321	500	3733	8187	16129	10814	70561	37.14e6	CH0595_50-scaffolds.fa
25258	7896	1397	500	3611	7967	14962	10162	52375	37.4e6	CH0595_60-scaffolds.fa
22524	7913	1399	500	3605	7979	15254	10238	60467	37.6e6	CH0595_70-scaffolds.fa
21116	8444	1528	500	3308	7296	14044	9373	52371	37.64e6	CH0595_80-scaffolds.fa
20428	8987	1661	500	3100	6834	13027	8610	45249	37.82e6	CH0595_90-scaffolds.fa
166269	23624	6362	500	853	1509	2664	1856	13390	30.35e6	CH0680_20-scaffolds.fa
57809	9898	1921	500	2649	5716	10710	7003	31000	36.11e6	CH0680_30-scaffolds.fa
39648	9569	1875	500	2764	5899	11005	7295	36548	36.43e6	CH0680_40-scaffolds.fa
31380	9269	1766	500	2916	6337	11764	7779	38213	36.78e6	CH0680_50-scaffolds.fa
26387	9517	1778	500	2867	6247	11858	7734	38194	37.05e6	CH0680_60-scaffolds.fa
23795	9656	1825	500	2856	6161	11705	7660	44026	37.4e6	CH0680_70-scaffolds.fa
22617	10464	2065	500	2620	5515	10352	6764	33529	37.42e6	CH0680_80-scaffolds.fa
22672	11397	2326	500	2370	4907	9167	6038	28008	37.37e6	CH0680_90-scaffolds.fa
165821	23421	6247	500	859	1535	2731	1886	13569	30.42e6	CH0689_20-scaffolds.fa
60335	8617	1570	500	3159	6956	13224	8657	39759	36.4e6	CH0689_30-scaffolds.fa
40812	8299	1537	500	3335	7248	13928	8900	40651	36.75e6	CH0689_40-scaffolds.fa
32010	8220	1505	500	3425	7501	13969	9209	45641	37.07e6	CH0689_50-scaffolds.fa
26990	8585	1571	500	3282	7219	13367	8879	39845	37.34e6	CH0689_60-scaffolds.fa
23733	8476	1553	500	3354	7387	13840	9078	45037	37.59e6	CH0689_70-scaffolds.fa
22135	8682	1596	500	3307	7212	13446	8874	49992	37.82e6	CH0689_80-scaffolds.fa
21710	9757	1873	500	2870	6164	11295	7571	45547	37.79e6	CH0689_90-scaffolds.fa
172376	23768	6368	500	852	1513	2684	1860	9811	30.58e6	CH0701_20-scaffolds.fa
59214	10180	1912	500	2576	5671	10972	7103	39072	36.4e6	CH0701_30-scaffolds.fa
40337	9231	1710	500	2933	6449	12454	8086	40837	36.89e6	CH0701_40-scaffolds.fa
32038	9543	1796	500	2859	6170	11721	7733	39150	37.11e6	CH0701_50-scaffolds.fa
26989	9216	1691	500	3019	6746	12378	8297	58760	37.46e6	CH0701_60-scaffolds.fa
24361	9337	1715	500	2973	6696	12335	8346	59017	37.79e6	CH0701_70-scaffolds.fa
23232	10229	1934	500	2686	5868	11130	7394	59017	37.85e6	CH0701_80-scaffolds.fa
23283	11583	2307	500	2347	4936	9302	6158	33609	37.78e6	CH0701_90-scaffolds.fa
178152	24033	6558	500	825	1447	2528	1770	9656	29.88e6	CH0860_20-scaffolds.fa
64582	11569	2319	500	2227	4751	8717	5807	30754	35.97e6	CH0860_30-scaffolds.fa
44651	10522	2056	500	2533	5329	10222	6672	38735	36.59e6	CH0860_40-scaffolds.fa
35779	10997	2181	500	2404	5154	9528	6327	28735	36.82e6	CH0860_50-scaffolds.fa
30010	10537	2029	500	2603	5600	10449	6933	46833	37.4e6	CH0860_60-scaffolds.fa
27300	11320	2254	500	2403	5042	9378	6277	30304	37.53e6	CH0860_70-scaffolds.fa
25960	11819	2406	500	2296	4786	8765	5918	33280	37.65e6	CH0860_80-scaffolds.fa
26288	13334	2824	500	1985	4082	7428	5004	26551	37.46e6	CH0860_90-scaffolds.fa
139380	22888	6067	500	889	1594	2824	1956	17289	30.63e6	CH0999_20-scaffolds.fa
44385	8661	1646	500	3020	6549	12458	8165	38573	35.88e6	CH0999_30-scaffolds.fa
30939	6983	1287	500	3958	8537	16059	10510	47258	36.3e6	CH0999_40-scaffolds.fa
24360	6926	1292	500	4051	8675	16003	10501	44402	36.5e6	CH0999_50-scaffolds.fa
20433	7253	1340	500	3878	8446	15618	10088	42050	36.68e6	CH0999_60-scaffolds.fa
18042	7216	1340	500	3899	8449	15444	10223	51797	36.87e6	CH0999_70-scaffolds.fa
17198	7829	1512	500	3544	7417	13811	9072	41705	36.86e6	CH0999_80-scaffolds.fa
16695	8253	1600	500	3343	7055	12974	8712	60238	37.02e6	CH0999_90-scaffolds.fa
141080	22943	6053	500	881	1587	2851	1958	13910	30.6e6	CH1016_20-scaffolds.fa
45466	7299	1328	500	3778	8136	15610	10162	48305	36.17e6	CH1016_30-scaffolds.fa
30105	6893	1266	500	4026	8739	16271	10755	52298	36.44e6	CH1016_40-scaffolds.fa
23489	6722	1229	500	4193	9061	17093	11053	58444	36.65e6	CH1016_50-scaffolds.fa
19771	7010	1278	500	4057	8749	16399	10736	52314	36.83e6	CH1016_60-scaffolds.fa
17553	7052	1263	500	3983	8747	16566	10930	54715	37.03e6	CH1016_70-scaffolds.fa
16717	7662	1409	500	3621	7901	14966	9806	52859	37.01e6	CH1016_80-scaffolds.fa
16264	8138	1532	500	3390	7333	13943	9064	42441	37.14e6	CH1016_90-scaffolds.fa
143920	23483	6351	500	853	1497	2635	1840	13361	30.06e6	CH1019_20-scaffolds.fa
48605	8469	1609	500	3158	6779	12719	8396	43082	35.92e6	CH1019_30-scaffolds.fa
32705	7574	1446	501	3593	7662	14203	9376	42882	36.25e6	CH1019_40-scaffolds.fa
26094	7822	1493	500	3498	7400	13942	9064	41110	36.36e6	CH1019_50-scaffolds.fa
21841	7581	1406	500	3666	7877	14966	9708	53106	36.61e6	CH1019_60-scaffolds.fa
19791	8234	1567	500	3370	7061	13293	8716	40816	36.7e6	CH1019_70-scaffolds.fa
18561	8478	1626	500	3275	6840	12892	8514	43202	36.9e6	CH1019_80-scaffolds.fa
18651	9585	1924	500	2828	5856	10865	7266	36584	36.83e6	CH1019_90-scaffolds.fa
133192	2389	290	504	14888	35196	73137	47013	194893	36.35e6	CH1857_20-scaffolds.fa
59468	1573	116	501	29764	87051	190897	122169	589621	37.83e6	CH1857_30-scaffolds.fa
33242	1664	111	501	29087	90899	202861	129712	589548	38.28e6	CH1857_40-scaffolds.fa
20845	1757	118	502	27114	88400	193322	124284	589466	38.8e6	CH1857_50-scaffolds.fa
15325	1756	126	500	26567	85299	184067	117817	589551	39.13e6	CH1857_60-scaffolds.fa
12013	1825	137	503	25382	81318	164576	108570	573692	39.41e6	CH1857_70-scaffolds.fa
10019	1959	151	500	23489	74699	152283	100332	573650	39.66e6	CH1857_80-scaffolds.fa
8966	2119	180	503	21338	66094	122563	83529	573583	39.88e6	CH1857_90-scaffolds.fa
136977	2428	294	500	14272	35043	71537	47647	260236	36.38e6	CH1858_20-scaffolds.fa
57535	1555	109	504	30229	94788	210671	126924	559359	37.77e6	CH1858_30-scaffolds.fa
33229	1654	109	502	29808	94781	200787	131205	559281	38.27e6	CH1858_40-scaffolds.fa
22073	1727	117	502	27601	91771	187566	124104	559313	38.75e6	CH1858_50-scaffolds.fa
15762	1762	127	506	26550	83719	186957	115719	559192	39.08e6	CH1858_60-scaffolds.fa
12443	1840	135	503	24805	81281	167904	109942	559229	39.37e6	CH1858_70-scaffolds.fa
10525	1981	148	504	23631	74703	154375	102253	559135	39.63e6	CH1858_80-scaffolds.fa
9129	2136	171	500	21871	68171	141331	89952	559101	39.8e6	CH1858_90-scaffolds.fa
142220	2612	315	501	13121	33279	68456	43062	195810	36.56e6	CH1859_20-scaffolds.fa
61446	1669	115	500	27148	88236	195762	123592	559046	38e6	CH1859_30-scaffolds.fa
36405	1765	110	501	26583	91752	200603	126222	480118	38.52e6	CH1859_40-scaffolds.fa
24569	1831	118	502	24130	88606	195469	120292	456964	39.03e6	CH1859_50-scaffolds.fa
17405	1938	133	500	22644	80693	176270	108080	456996	39.47e6	CH1859_60-scaffolds.fa
13624	2054	144	501	21626	76473	156129	101295	456837	39.83e6	CH1859_70-scaffolds.fa
11768	2205	158	501	20150	71955	148676	91232	371798	40.09e6	CH1859_80-scaffolds.fa
10079	2411	189	500	18161	59107	130968	78930	368406	40.32e6	CH1859_90-scaffolds.fa
131583	2561	309	503	13122	34471	67814	43618	169069	36.35e6	CH1861_20-scaffolds.fa
54902	1615	132	506	27187	79385	173838	106748	459844	37.71e6	CH1861_30-scaffolds.fa
31709	1680	129	500	27651	80855	179284	111782	476918	38.21e6	CH1861_40-scaffolds.fa
21141	1773	133	506	26137	79917	173015	109497	476852	38.67e6	CH1861_50-scaffolds.fa
14961	1797	139	501	25148	75517	178797	106723	476871	38.99e6	CH1861_60-scaffolds.fa
11779	1894	151	501	24463	72024	155996	98006	476802	39.26e6	CH1861_70-scaffolds.fa
10041	2006	164	500	21778	69640	142483	90862	357006	39.5e6	CH1861_80-scaffolds.fa
8702	2179	194	500	19560	59133	119781	77942	337133	39.7e6	CH1861_90-scaffolds.fa
132172	2438	297	500	14413	35783	72178	45902	255171	36.39e6	CH1862_20-scaffolds.fa
55197	1577	115	500	29122	85240	200790	122271	559260	37.79e6	CH1862_30-scaffolds.fa
31736	1657	113	500	29144	92177	197200	127026	559191	38.24e6	CH1862_40-scaffolds.fa
20735	1760	115	502	27297	90753	200788	126027	559167	38.79e6	CH1862_50-scaffolds.fa
14898	1759	124	501	25480	86937	180349	115726	559069	39.09e6	CH1862_60-scaffolds.fa
11734	1829	129	501	24033	78120	176806	116837	559178	39.4e6	CH1862_70-scaffolds.fa
10065	1939	146	500	22930	74537	162504	106198	559066	39.63e6	CH1862_80-scaffolds.fa
8820	2151	180	500	20964	64605	129165	84678	559121	39.81e6	CH1862_90-scaffolds.fa
135270	2506	306	500	13740	34122	68435	44652	172341	36.44e6	CH1863_20-scaffolds.fa
56981	1588	117	500	29386	88907	176819	121812	589633	37.91e6	CH1863_30-scaffolds.fa
33044	1683	114	501	28929	89034	197465	126892	589541	38.29e6	CH1863_40-scaffolds.fa
21938	1767	121	502	27276	84361	197417	122225	589533	38.77e6	CH1863_50-scaffolds.fa
15616	1807	130	500	25791	81247	177018	114471	589495	39.1e6	CH1863_60-scaffolds.fa
12398	1859	146	503	24091	76131	158389	104392	589473	39.37e6	CH1863_70-scaffolds.fa
10650	2005	159	501	22301	73320	147295	97825	589583	39.64e6	CH1863_80-scaffolds.fa
9174	2188	186	500	19941	63162	119520	81035	573704	39.84e6	CH1863_90-scaffolds.fa
129033	2781	375	500	12212	28745	56211	36388	154013	36.41e6	CH1865_20-scaffolds.fa
52545	1616	127	502	27722	82599	166442	109507	559202	37.78e6	CH1865_30-scaffolds.fa
30223	1699	128	501	27865	83314	174591	110146	559059	38.22e6	CH1865_40-scaffolds.fa
19048	1800	138	502	25660	77857	162690	103260	559041	38.71e6	CH1865_50-scaffolds.fa
14618	1870	147	502	23663	75244	150967	100735	559012	39.03e6	CH1865_60-scaffolds.fa
11840	1937	163	500	22281	69425	144648	94152	558929	39.29e6	CH1865_70-scaffolds.fa
10241	2109	182	503	20879	62067	126727	83418	558917	39.52e6	CH1865_80-scaffolds.fa
9465	2346	213	501	18135	53466	105878	68323	270775	39.73e6	CH1865_90-scaffolds.fa
134520	3057	407	500	10560	26672	51631	33507	171155	36.34e6	CH1866_20-scaffolds.fa
60087	1666	128	505	27751	83163	173072	109144	589531	37.75e6	CH1866_30-scaffolds.fa
34136	1715	123	500	27264	84358	175300	115630	589521	38.19e6	CH1866_40-scaffolds.fa
21391	1826	135	502	24675	76453	163958	106660	441386	38.72e6	CH1866_50-scaffolds.fa
15242	1868	145	500	23336	73907	155938	103619	573682	39.04e6	CH1866_60-scaffolds.fa
12714	1954	160	500	22294	69290	144739	93565	439283	39.3e6	CH1866_70-scaffolds.fa
10759	2105	186	501	20283	62205	119254	82673	439298	39.53e6	CH1866_80-scaffolds.fa
9559	2310	221	500	17652	52138	100624	67795	439249	39.73e6	CH1866_90-scaffolds.fa
136849	2651	339	501	12446	31324	62083	39257	163918	36.34e6	CH1868_20-scaffolds.fa
59096	1644	142	503	27125	75779	159302	99029	456962	37.74e6	CH1868_30-scaffolds.fa
37049	1709	136	500	26203	77687	166453	104847	456854	38.13e6	CH1868_40-scaffolds.fa
23414	1832	145	501	24849	75684	153592	100522	456818	38.66e6	CH1868_50-scaffolds.fa
16781	1882	155	501	22640	73026	142448	94690	456794	38.97e6	CH1868_60-scaffolds.fa
13600	1946	168	500	21880	68917	132473	85083	322522	39.18e6	CH1868_70-scaffolds.fa
11121	2102	184	500	20141	62750	122805	78647	321009	39.42e6	CH1868_80-scaffolds.fa
9458	2275	215	500	17970	52974	111164	66636	285198	39.64e6	CH1868_90-scaffolds.fa
106718	2480	310	503	13399	34311	66311	43121	166287	36.09e6	CH1869_20-scaffolds.fa
42499	1356	102	500	31120	105415	215010	128629	529029	37.3e6	CH1869_30-scaffolds.fa
24804	1400	95	501	33196	109300	244773	140951	565303	37.54e6	CH1869_40-scaffolds.fa
15395	1475	105	500	30818	102360	210952	131521	565366	37.92e6	CH1869_50-scaffolds.fa
11409	1503	114	505	29621	93154	194558	123046	565262	38.14e6	CH1869_60-scaffolds.fa
9464	1559	126	501	28463	89648	178222	113091	565419	38.32e6	CH1869_70-scaffolds.fa
8055	1701	146	500	26800	79634	144061	96188	487111	38.57e6	CH1869_80-scaffolds.fa
7361	1859	169	503	22027	69763	130167	81179	377589	38.7e6	CH1869_90-scaffolds.fa
126442	2637	329	503	12640	31953	64875	41102	172535	36.43e6	CH1871_20-scaffolds.fa
53087	1616	116	501	27845	85174	198211	123727	589665	37.8e6	CH1871_30-scaffolds.fa
32136	1700	117	500	29068	87008	197569	125199	589615	38.24e6	CH1871_40-scaffolds.fa
19884	1772	126	504	26515	81881	186932	117924	589521	38.72e6	CH1871_50-scaffolds.fa
14487	1807	132	501	25096	81901	175301	111570	479996	39.05e6	CH1871_60-scaffolds.fa
11953	1902	146	502	23786	76375	153689	103316	573729	39.3e6	CH1871_70-scaffolds.fa
10172	2049	161	501	21762	69552	147923	95271	573626	39.56e6	CH1871_80-scaffolds.fa
8987	2273	207	501	19252	56258	103183	73704	367443	39.76e6	CH1871_90-scaffolds.fa
134435	2553	326	501	13428	32691	64133	41985	172494	36.45e6	CH1873_20-scaffolds.fa
56052	1605	117	506	28607	89786	186973	118323	589551	37.85e6	CH1873_30-scaffolds.fa
34438	1678	118	502	27922	89066	187340	119246	589680	38.27e6	CH1873_40-scaffolds.fa
21455	1790	124	502	26095	83180	187016	114702	589393	38.79e6	CH1873_50-scaffolds.fa
15653	1786	132	500	25782	82275	175370	110932	589504	39.1e6	CH1873_60-scaffolds.fa
12847	1876	147	500	23804	73450	156391	101725	589511	39.36e6	CH1873_70-scaffolds.fa
10605	2033	167	500	22250	68646	142755	90724	589486	39.61e6	CH1873_80-scaffolds.fa
9535	2201	191	500	19906	58599	119341	79616	521733	39.81e6	CH1873_90-scaffolds.fa
131233	2482	288	500	14036	36887	74268	46504	192858	36.39e6	CH1874_20-scaffolds.fa
54984	1564	107	500	30289	92695	221167	127019	515371	37.72e6	CH1874_30-scaffolds.fa
34040	1663	106	501	29856	96373	221880	129190	515119	38.18e6	CH1874_40-scaffolds.fa
21125	1784	112	500	27332	91515	221825	124918	448486	38.7e6	CH1874_50-scaffolds.fa
15406	1827	121	501	24689	82992	187874	116621	393589	39.07e6	CH1874_60-scaffolds.fa
12781	1949	139	501	22865	77065	166389	103961	393643	39.35e6	CH1874_70-scaffolds.fa
10666	2056	155	502	20110	72653	149818	92512	320947	39.72e6	CH1874_80-scaffolds.fa
9334	2246	176	500	18334	64104	134275	80599	294651	39.88e6	CH1874_90-scaffolds.fa
125156	2534	321	500	13491	32601	65537	42192	172517	36.4e6	CH1876_20-scaffolds.fa
51920	1591	125	502	29757	84668	174493	113617	573846	37.75e6	CH1876_30-scaffolds.fa
29883	1685	127	500	28568	84866	170958	113678	573658	38.19e6	CH1876_40-scaffolds.fa
19481	1760	130	500	26697	81380	163873	113276	573609	38.67e6	CH1876_50-scaffolds.fa
14235	1793	139	501	25481	80243	158424	106443	573728	38.98e6	CH1876_60-scaffolds.fa
11128	1904	149	501	23837	76105	151000	102274	573661	39.29e6	CH1876_70-scaffolds.fa
9717	2028	164	504	21975	70294	143398	94923	573626	39.53e6	CH1876_80-scaffolds.fa
8669	2196	192	501	19558	60099	113763	77278	326859	39.72e6	CH1876_90-scaffolds.fa
130513	2719	321	500	12521	31717	64329	43150	261811	36.33e6	CH1877_20-scaffolds.fa
53979	1705	120	501	26777	90530	185912	113070	434761	37.75e6	CH1877_30-scaffolds.fa
33137	1752	125	502	26789	83681	193862	111765	432853	38.22e6	CH1877_40-scaffolds.fa
21381	1837	133	502	24805	77765	176905	106012	434726	38.69e6	CH1877_50-scaffolds.fa
15919	1922	144	500	22919	75505	161506	100564	434666	39.04e6	CH1877_60-scaffolds.fa
13269	2049	156	500	21630	72823	152066	93893	434691	39.34e6	CH1877_70-scaffolds.fa
11275	2167	176	501	19746	65344	132588	85177	353646	39.57e6	CH1877_80-scaffolds.fa
10030	2377	209	500	17818	54897	109442	70369	270715	39.81e6	CH1877_90-scaffolds.fa
132387	2580	315	501	13109	32748	67632	43727	239668	36.44e6	CH1878_20-scaffolds.fa
56062	1614	121	506	29054	87260	179376	113634	559315	37.78e6	CH1878_30-scaffolds.fa
32618	1709	120	502	27866	87238	176093	117125	559237	38.26e6	CH1878_40-scaffolds.fa
21648	1797	121	500	26715	88252	176154	120431	559152	38.75e6	CH1878_50-scaffolds.fa
15616	1804	130	501	26169	82876	174688	112444	559150	39.05e6	CH1878_60-scaffolds.fa
12423	1922	143	501	24175	77243	161105	104137	559171	39.34e6	CH1878_70-scaffolds.fa
10691	2055	170	500	22505	66839	137062	91368	559099	39.57e6	CH1878_80-scaffolds.fa
9414	2271	202	501	19482	56503	110753	77911	559145	39.78e6	CH1878_90-scaffolds.fa
124196	2968	406	500	11198	27014	50135	32959	141715	36.46e6	CH1879_20-scaffolds.fa
50500	1677	136	502	27151	80026	160534	103776	559305	37.81e6	CH1879_30-scaffolds.fa
29304	1744	127	502	26132	83376	174910	111513	559120	38.22e6	CH1879_40-scaffolds.fa
18935	1856	142	500	24073	77273	159982	101526	559143	38.74e6	CH1879_50-scaffolds.fa
14443	1937	154	500	22823	74683	144083	95127	559182	39.06e6	CH1879_60-scaffolds.fa
11813	2020	171	501	21844	67087	132945	87713	559179	39.3e6	CH1879_70-scaffolds.fa
10112	2167	196	500	19733	59191	111885	75936	507177	39.51e6	CH1879_80-scaffolds.fa
9440	2417	240	501	17062	48084	95073	62315	440900	39.68e6	CH1879_90-scaffolds.fa
143685	1707	233	501	20568	46958	92446	58217	219255	36.61e6	CH1881_20-scaffolds.fa
58601	616	40	500	96317	252135	633243	366481	1144528	38.03e6	CH1881_30-scaffolds.fa
30615	705	37	500	108047	281344	633194	396957	1539687	38.67e6	CH1881_40-scaffolds.fa
14444	730	38	501	110960	274033	592755	396897	1548619	39.27e6	CH1881_50-scaffolds.fa
5714	652	39	500	111195	265757	649823	399311	1364323	39.82e6	CH1881_60-scaffolds.fa
2645	440	43	501	116671	274027	478076	362909	1364499	40.07e6	CH1881_70-scaffolds.fa
1544	365	45	522	113461	276134	476160	347128	1364744	40.12e6	CH1881_80-scaffolds.fa
1245	375	56	522	106168	220252	387269	270503	903318	40.12e6	CH1881_90-scaffolds.fa
136759	2452	285	500	14364	36762	75439	47721	243065	36.23e6	CH1882_20-scaffolds.fa
59650	1607	101	501	29401	99446	225189	135224	683049	37.69e6	CH1882_30-scaffolds.fa
35312	1676	92	501	28475	101557	276742	149379	682780	38.08e6	CH1882_40-scaffolds.fa
24475	1767	102	501	27578	100014	241812	136471	528732	38.6e6	CH1882_50-scaffolds.fa
17576	1828	105	502	25619	95676	227554	133638	528746	38.99e6	CH1882_60-scaffolds.fa
13755	1936	113	503	23774	87485	210650	124909	419356	39.33e6	CH1882_70-scaffolds.fa
11843	2081	132	501	21955	77449	188687	112011	528736	39.63e6	CH1882_80-scaffolds.fa
10169	2304	160	500	19601	66998	151270	95700	528737	39.87e6	CH1882_90-scaffolds.fa
135795	2445	293	500	14096	35795	72959	45742	172394	36.37e6	CH1883_20-scaffolds.fa
56468	1573	112	500	28717	94716	192933	124946	589702	37.77e6	CH1883_30-scaffolds.fa
32373	1679	110	500	29078	93550	202866	129302	589610	38.25e6	CH1883_40-scaffolds.fa
21482	1758	120	500	27649	88450	184051	119329	589435	38.75e6	CH1883_50-scaffolds.fa
15228	1755	126	507	25392	86914	175400	116821	589551	39.11e6	CH1883_60-scaffolds.fa
12259	1879	138	500	24091	81973	168130	105479	589459	39.35e6	CH1883_70-scaffolds.fa
10502	1978	157	500	23458	73254	147893	94526	589433	39.59e6	CH1883_80-scaffolds.fa
9300	2174	184	500	20638	61717	122628	81597	573596	39.83e6	CH1883_90-scaffolds.fa
131629	2444	307	500	14708	34976	66465	44105	243696	36.37e6	CH1884_20-scaffolds.fa
55452	1543	113	508	29764	93755	198246	122705	559352	37.77e6	CH1884_30-scaffolds.fa
31936	1635	111	502	29078	91734	197237	126838	559314	38.24e6	CH1884_40-scaffolds.fa
20963	1724	117	500	27233	88280	188896	123747	559192	38.72e6	CH1884_50-scaffolds.fa
15017	1766	127	502	25382	85237	177989	114940	559018	39.07e6	CH1884_60-scaffolds.fa
11807	1828	140	503	24649	77229	164906	106560	559093	39.34e6	CH1884_70-scaffolds.fa
10213	1970	155	505	23376	73298	154255	98933	559040	39.58e6	CH1884_80-scaffolds.fa
8738	2177	183	501	21406	61713	122555	80314	373187	39.78e6	CH1884_90-scaffolds.fa
133166	2645	290	500	13118	35022	73452	46449	247407	36.47e6	CH1885_20-scaffolds.fa
54208	1677	105	500	26641	95717	222635	132971	616947	38e6	CH1885_30-scaffolds.fa
31023	1723	102	503	27365	96335	236699	137491	561433	38.5e6	CH1885_40-scaffolds.fa
21244	1796	110	501	25646	92184	240233	132319	528934	39e6	CH1885_50-scaffolds.fa
15099	1838	116	501	24549	88744	204731	124382	528709	39.38e6	CH1885_60-scaffolds.fa
12283	1948	127	502	22597	80119	199087	115805	432920	39.69e6	CH1885_70-scaffolds.fa
10530	2089	145	500	20956	71812	179754	105707	528812	40.02e6	CH1885_80-scaffolds.fa
9249	2312	170	500	18903	65937	146676	85704	384837	40.34e6	CH1885_90-scaffolds.fa
133046	2916	385	503	11461	27438	54980	35198	171078	36.47e6	CH1886_20-scaffolds.fa
61878	1648	127	504	26701	77747	176788	115188	573845	37.8e6	CH1886_30-scaffolds.fa
36443	1757	126	502	26433	80460	174647	114427	573744	38.24e6	CH1886_40-scaffolds.fa
23781	1867	133	502	24589	75455	175298	110510	573767	38.72e6	CH1886_50-scaffolds.fa
18314	1912	148	500	23631	72820	151558	101571	573745	39.05e6	CH1886_60-scaffolds.fa
14271	1976	171	501	22380	63844	134427	89789	573650	39.31e6	CH1886_70-scaffolds.fa
12130	2183	192	501	19749	57739	114383	80173	573640	39.55e6	CH1886_80-scaffolds.fa
11334	2410	244	500	16848	49394	92003	60977	387743	39.71e6	CH1886_90-scaffolds.fa
135525	3034	401	502	10874	26856	50725	34247	168798	36.45e6	CH1887_20-scaffolds.fa
55780	1702	139	500	26543	75346	163083	102297	457962	37.78e6	CH1887_30-scaffolds.fa
32470	1758	133	500	26841	76884	175353	110025	559189	38.22e6	CH1887_40-scaffolds.fa
20721	1875	138	500	24608	75727	168120	106761	559061	38.7e6	CH1887_50-scaffolds.fa
15877	1914	152	500	23696	71848	149828	98346	559185	39.03e6	CH1887_60-scaffolds.fa
12678	1994	169	503	22230	65140	138348	86682	367297	39.27e6	CH1887_70-scaffolds.fa
11083	2202	204	501	19752	55283	111898	71471	308777	39.49e6	CH1887_80-scaffolds.fa
10201	2433	244	500	17019	46737	95169	61187	308719	39.68e6	CH1887_90-scaffolds.fa
114000	2364	297	500	14020	34864	69674	46098	204839	36.35e6	CH1889_20-scaffolds.fa
44928	1378	105	500	31389	99421	209140	133205	662188	37.7e6	CH1889_30-scaffolds.fa
24928	1447	101	502	30969	102869	240141	138963	662133	38.05e6	CH1889_40-scaffolds.fa
16432	1502	105	500	29379	95954	226419	133600	662073	38.5e6	CH1889_50-scaffolds.fa
12104	1508	112	502	26948	88496	211171	129942	639775	38.73e6	CH1889_60-scaffolds.fa
9898	1575	124	502	25915	80106	188885	117515	561523	38.95e6	CH1889_70-scaffolds.fa
8734	1656	145	500	24139	74934	170115	99901	482111	39.04e6	CH1889_80-scaffolds.fa
7670	1806	169	500	21537	62719	143796	85725	395613	39.17e6	CH1889_90-scaffolds.fa
128361	2683	333	500	12698	31292	64923	40994	172582	36.45e6	CH1890_20-scaffolds.fa
53515	1623	123	502	28901	85021	175247	111836	490119	37.82e6	CH1890_30-scaffolds.fa
30778	1723	121	500	27679	87102	186761	119439	589546	38.35e6	CH1890_40-scaffolds.fa
20559	1834	133	503	26733	79889	171131	107883	419747	38.78e6	CH1890_50-scaffolds.fa
14783	1882	139	501	24110	77259	162747	106123	439492	39.13e6	CH1890_60-scaffolds.fa
11935	1959	147	501	23280	73942	155705	100383	439311	39.41e6	CH1890_70-scaffolds.fa
10442	2123	175	501	21397	62384	130704	84421	439348	39.69e6	CH1890_80-scaffolds.fa
9191	2330	206	500	18591	55126	115049	69981	320932	39.9e6	CH1890_90-scaffolds.fa
131626	2510	305	500	13564	34330	71110	45030	189051	36.4e6	CH1891_20-scaffolds.fa
55353	1611	119	502	27866	85284	186818	118308	559302	37.88e6	CH1891_30-scaffolds.fa
31914	1698	116	500	28017	87217	186968	121855	559201	38.26e6	CH1891_40-scaffolds.fa
21279	1768	121	502	26711	85044	179826	119577	559043	38.75e6	CH1891_50-scaffolds.fa
15258	1802	126	501	25555	82221	179269	116106	559030	39.13e6	CH1891_60-scaffolds.fa
12162	1864	137	507	23777	77834	162778	108798	559142	39.37e6	CH1891_70-scaffolds.fa
10369	2022	157	502	21981	72697	142316	98227	559135	39.62e6	CH1891_80-scaffolds.fa
9108	2180	179	500	20393	61713	120513	86519	559143	39.8e6	CH1891_90-scaffolds.fa
134405	2592	317	501	13031	33407	66348	42920	195155	36.36e6	CH1892_20-scaffolds.fa
57408	1593	121	502	28519	82544	187115	116302	458136	37.71e6	CH1892_30-scaffolds.fa
33324	1652	125	502	28038	83047	185679	113025	476918	38.2e6	CH1892_40-scaffolds.fa
22519	1776	129	501	26826	79543	185611	113557	476908	38.65e6	CH1892_50-scaffolds.fa
15704	1792	138	500	24933	76433	166427	106247	476810	38.99e6	CH1892_60-scaffolds.fa
12420	1871	149	500	24095	73089	155690	100924	456765	39.23e6	CH1892_70-scaffolds.fa
10628	2004	163	500	21746	68644	139241	90161	353715	39.51e6	CH1892_80-scaffolds.fa
9120	2192	198	502	19702	57429	118238	71642	244743	39.68e6	CH1892_90-scaffolds.fa
124978	2436	271	500	14273	37937	78947	50917	258750	36.31e6	CH1893_20-scaffolds.fa
55426	1572	89	501	29363	109928	276789	150081	505608	37.78e6	CH1893_30-scaffolds.fa
31512	1667	92	501	28446	110903	257288	151562	682838	38.21e6	CH1893_40-scaffolds.fa
21499	1717	94	501	27415	107184	264787	151115	731076	38.69e6	CH1893_50-scaffolds.fa
15241	1796	102	500	25644	97219	257312	137236	505340	39.07e6	CH1893_60-scaffolds.fa
11885	1853	110	504	24406	93399	227489	130437	488278	39.41e6	CH1893_70-scaffolds.fa
10347	1990	127	501	21598	82069	194355	116621	488375	39.63e6	CH1893_80-scaffolds.fa
8940	2159	152	500	19852	71428	161626	101188	488367	39.89e6	CH1893_90-scaffolds.fa
133972	2656	334	500	12934	31174	63760	40773	163193	36.42e6	CH1894_20-scaffolds.fa
56141	1591	112	501	29380	91879	187012	125873	589558	37.78e6	CH1894_30-scaffolds.fa
32540	1684	113	502	28993	91755	199124	126035	589626	38.23e6	CH1894_40-scaffolds.fa
21522	1778	121	501	26999	87017	180531	121361	589557	38.71e6	CH1894_50-scaffolds.fa
15591	1797	129	507	26441	83390	171108	112800	589510	39.09e6	CH1894_60-scaffolds.fa
12424	1906	141	505	24091	76886	162926	101649	387459	39.31e6	CH1894_70-scaffolds.fa
10881	2062	159	500	21623	68087	144833	91127	387478	39.59e6	CH1894_80-scaffolds.fa
9412	2254	197	500	19182	58364	113961	74812	374726	39.81e6	CH1894_90-scaffolds.fa
125403	2803	371	500	11769	28694	57122	36191	171440	36.45e6	CH1895_20-scaffolds.fa
55438	1666	128	500	27668	82069	174393	112623	573897	37.81e6	CH1895_30-scaffolds.fa
31265	1741	128	502	27226	82068	172709	112105	573877	38.25e6	CH1895_40-scaffolds.fa
19541	1803	135	502	24595	76842	175027	108168	573793	38.75e6	CH1895_50-scaffolds.fa
14329	1834	150	502	24307	74767	153257	97987	573811	39.06e6	CH1895_60-scaffolds.fa
11955	1910	164	503	22667	70250	139621	91648	573637	39.29e6	CH1895_70-scaffolds.fa
10152	2071	184	500	21192	61577	119889	83395	562927	39.54e6	CH1895_80-scaffolds.fa
9089	2271	218	500	18790	51599	100971	67571	313178	39.71e6	CH1895_90-scaffolds.fa
130207	2548	314	500	13636	32888	67579	42532	172375	36.42e6	CH1896_20-scaffolds.fa
53631	1592	116	500	29054	85255	187013	120604	573866	37.83e6	CH1896_30-scaffolds.fa
32514	1695	115	500	27922	91773	186946	121890	573809	38.26e6	CH1896_40-scaffolds.fa
20497	1748	123	501	26495	87078	180379	116589	573781	38.74e6	CH1896_50-scaffolds.fa
14654	1808	132	502	24454	81681	168078	112194	573721	39.09e6	CH1896_60-scaffolds.fa
12227	1881	146	500	23743	74794	158220	101723	573724	39.36e6	CH1896_70-scaffolds.fa
10189	2013	166	502	22301	66504	144812	92039	573725	39.61e6	CH1896_80-scaffolds.fa
8890	2187	199	501	19856	58662	114255	78169	559067	39.77e6	CH1896_90-scaffolds.fa
127652	2454	303	502	13872	35114	69801	45688	230378	36.37e6	CH1897_20-scaffolds.fa
52809	1559	119	503	29093	90271	190831	116224	394204	37.8e6	CH1897_30-scaffolds.fa
32660	1614	116	500	29063	90181	205689	120381	404074	38.2e6	CH1897_40-scaffolds.fa
20578	1723	120	500	28115	89295	204019	124509	661699	38.66e6	CH1897_50-scaffolds.fa
14924	1739	131	500	26504	80242	180638	111096	556290	38.99e6	CH1897_60-scaffolds.fa
12233	1854	148	500	23316	74165	158369	96096	326745	39.25e6	CH1897_70-scaffolds.fa
10224	2006	169	501	21312	66683	135625	86911	326750	39.55e6	CH1897_80-scaffolds.fa
9053	2178	197	500	19042	57761	118598	73838	271015	39.7e6	CH1897_90-scaffolds.fa
134624	2470	299	504	13639	35654	69053	44757	189728	36.35e6	CH1898_20-scaffolds.fa
56531	1499	114	501	30954	92703	195942	120097	459716	37.77e6	CH1898_30-scaffolds.fa
32599	1595	107	500	29838	96499	218426	127453	456973	38.22e6	CH1898_40-scaffolds.fa
21733	1663	114	501	29067	93831	208755	121968	456760	38.7e6	CH1898_50-scaffolds.fa
15344	1715	121	501	27566	91524	195161	116672	456784	39.05e6	CH1898_60-scaffolds.fa
11876	1785	132	502	25006	82479	186962	107518	367445	39.3e6	CH1898_70-scaffolds.fa
10286	1943	149	500	22034	74140	163070	97446	367431	39.61e6	CH1898_80-scaffolds.fa
8880	2113	181	500	20089	63111	124714	79897	322531	39.76e6	CH1898_90-scaffolds.fa
136865	2337	270	501	15508	37477	79330	51175	198372	36.29e6	CH1899_20-scaffolds.fa
57857	1498	101	500	32233	96204	224794	147600	676675	37.67e6	CH1899_30-scaffolds.fa
33596	1604	98	501	31314	98217	252835	147310	662257	38.13e6	CH1899_40-scaffolds.fa
22547	1698	107	501	29833	91810	232138	137997	662148	38.64e6	CH1899_50-scaffolds.fa
16244	1775	110	500	27881	91647	232109	136677	662017	39.08e6	CH1899_60-scaffolds.fa
12757	1867	121	501	25705	82014	218535	122787	515451	39.39e6	CH1899_70-scaffolds.fa
11200	1995	134	500	23699	77991	183136	111826	515342	39.61e6	CH1899_80-scaffolds.fa
9507	2125	153	500	21839	71679	162648	99649	515335	39.86e6	CH1899_90-scaffolds.fa
129124	2314	278	500	14782	37151	77060	48947	239680	36.3e6	CH1900_20-scaffolds.fa
57435	1468	103	503	30943	102840	217930	133467	559158	37.78e6	CH1900_30-scaffolds.fa
32443	1560	101	500	30831	100522	227127	143462	662368	38.21e6	CH1900_40-scaffolds.fa
20238	1640	110	501	29848	93560	215821	130922	661937	38.69e6	CH1900_50-scaffolds.fa
15081	1670	114	500	28598	92705	210351	122782	559224	39.01e6	CH1900_60-scaffolds.fa
11664	1758	126	500	25308	88248	186963	112495	456822	39.29e6	CH1900_70-scaffolds.fa
9524	1843	132	501	24153	78908	186949	110981	559181	39.6e6	CH1900_80-scaffolds.fa
8395	2017	154	500	21531	71256	158411	95862	456729	39.8e6	CH1900_90-scaffolds.fa
141721	2391	285	500	14697	35942	76654	46699	183491	36.34e6	CH1901_20-scaffolds.fa
61717	1536	109	505	30299	96338	198793	126348	488243	37.76e6	CH1901_30-scaffolds.fa
35900	1653	109	502	29838	92788	195928	129739	589587	38.22e6	CH1901_40-scaffolds.fa
23869	1729	114	502	28617	89425	199113	125603	589599	38.71e6	CH1901_50-scaffolds.fa
16681	1750	121	501	27571	87203	180231	118663	589502	39.06e6	CH1901_60-scaffolds.fa
13089	1800	135	501	24929	82240	163115	109090	589358	39.33e6	CH1901_70-scaffolds.fa
11067	1936	148	500	22580	76464	151014	102058	573579	39.62e6	CH1901_80-scaffolds.fa
9507	2128	170	500	21216	67201	134473	88543	573625	39.78e6	CH1901_90-scaffolds.fa
131360	2661	338	502	12465	31160	63670	40015	170908	36.39e6	CH1902_20-scaffolds.fa
54267	1635	121	504	28503	82559	180618	117385	589607	37.69e6	CH1902_30-scaffolds.fa
32575	1732	119	500	29051	86377	184104	120342	589596	38.22e6	CH1902_40-scaffolds.fa
20453	1776	126	504	26976	82585	176751	116204	589501	38.71e6	CH1902_50-scaffolds.fa
14853	1828	139	500	24320	79573	158348	106101	589527	39.03e6	CH1902_60-scaffolds.fa
12304	1924	151	503	22812	73504	150852	101123	589380	39.31e6	CH1902_70-scaffolds.fa
10391	2073	168	500	21613	65917	139740	88527	406203	39.5e6	CH1902_80-scaffolds.fa
9192	2280	206	503	19182	53425	110658	72212	320980	39.74e6	CH1902_90-scaffolds.fa
130677	3165	440	500	10291	24852	45898	31361	169004	36.36e6	CH1903_20-scaffolds.fa
53430	1712	138	500	25438	75104	158514	104318	589613	37.75e6	CH1903_30-scaffolds.fa
30737	1766	133	501	25875	77155	162724	106596	431314	38.18e6	CH1903_40-scaffolds.fa
20392	1854	143	502	24064	75233	161005	102166	589519	38.67e6	CH1903_50-scaffolds.fa
14772	1899	163	500	22634	68485	144042	92717	589397	39e6	CH1903_60-scaffolds.fa
11982	2003	173	500	21582	63910	137045	87317	573597	39.27e6	CH1903_70-scaffolds.fa
10280	2189	208	500	19152	54156	105921	73908	560875	39.51e6	CH1903_80-scaffolds.fa
9658	2428	251	500	16538	45853	90742	61677	560883	39.65e6	CH1903_90-scaffolds.fa
125828	2829	374	500	11769	29108	57558	36182	154648	36.41e6	CH1904_20-scaffolds.fa
55308	1664	133	505	27478	81223	160223	107723	573843	37.7e6	CH1904_30-scaffolds.fa
31608	1759	132	502	26121	82067	175313	106662	431340	38.22e6	CH1904_40-scaffolds.fa
20007	1834	136	502	24042	76856	163248	108754	573689	38.7e6	CH1904_50-scaffolds.fa
15129	1870	149	500	22942	73230	150977	101630	573782	39.04e6	CH1904_60-scaffolds.fa
12280	1973	169	500	21676	67666	132243	90801	573710	39.29e6	CH1904_70-scaffolds.fa
10541	2096	182	503	20269	60071	125051	83871	573859	39.5e6	CH1904_80-scaffolds.fa
9527	2305	218	500	18468	51273	104632	69449	559411	39.66e6	CH1904_90-scaffolds.fa
134946	3540	484	502	8749	21605	42807	27852	147443	36.33e6	CH1905_20-scaffolds.fa
56046	1776	138	507	24339	75670	156059	104836	589609	37.7e6	CH1905_30-scaffolds.fa
34211	1848	138	501	23955	74764	162583	107230	589590	38.17e6	CH1905_40-scaffolds.fa
21353	1956	142	500	23020	74700	162709	105604	589579	38.67e6	CH1905_50-scaffolds.fa
15249	1978	161	500	21960	67162	144085	94331	573873	39.02e6	CH1905_60-scaffolds.fa
12809	2050	179	502	20701	61291	129235	86974	573889	39.24e6	CH1905_70-scaffolds.fa
10915	2222	200	500	19487	56122	110901	76874	573673	39.48e6	CH1905_80-scaffolds.fa
9683	2472	246	500	16198	45363	91802	60512	335597	39.64e6	CH1905_90-scaffolds.fa
130265	2595	325	500	13378	32083	64340	41240	162968	36.39e6	CH1906_20-scaffolds.fa
57636	1576	111	507	29764	95936	194871	125815	589571	37.77e6	CH1906_30-scaffolds.fa
32653	1669	109	502	29624	96752	196092	123994	441403	38.22e6	CH1906_40-scaffolds.fa
20434	1767	115	502	27657	91628	193543	125209	589452	38.75e6	CH1906_50-scaffolds.fa
15269	1784	125	500	26092	84771	175134	116396	589533	39.06e6	CH1906_60-scaffolds.fa
12075	1877	138	501	24093	77307	164712	108126	573601	39.37e6	CH1906_70-scaffolds.fa
10350	2004	154	500	22669	72721	153177	100775	573709	39.63e6	CH1906_80-scaffolds.fa
8990	2220	193	500	19936	59585	115036	78040	521714	39.81e6	CH1906_90-scaffolds.fa
134310	2622	327	503	13248	31854	65495	41841	172551	36.44e6	CH1907_20-scaffolds.fa
56119	1585	108	504	30127	90700	202938	130382	589461	37.81e6	CH1907_30-scaffolds.fa
32353	1677	108	502	30420	91728	197371	132882	589579	38.26e6	CH1907_40-scaffolds.fa
21631	1752	114	501	28620	91765	187030	128660	589492	38.74e6	CH1907_50-scaffolds.fa
15609	1806	123	504	25982	84280	176896	117694	589573	39.07e6	CH1907_60-scaffolds.fa
12390	1860	135	500	24431	80532	164891	107721	573717	39.36e6	CH1907_70-scaffolds.fa
10742	2015	156	500	22335	72906	150821	95578	455520	39.62e6	CH1907_80-scaffolds.fa
9296	2209	188	501	19581	60847	118597	81524	440970	39.83e6	CH1907_90-scaffolds.fa
127693	2508	289	501	13703	36948	72057	46793	212523	36.3e6	CH1908_20-scaffolds.fa
52813	1567	98	500	29144	106767	229497	142808	683105	37.75e6	CH1908_30-scaffolds.fa
29795	1668	93	501	28737	108531	263074	145812	549959	38.19e6	CH1908_40-scaffolds.fa
19847	1729	98	502	27580	99476	253798	149171	682807	38.66e6	CH1908_50-scaffolds.fa
14548	1756	101	502	27277	98319	272120	148216	690127	38.99e6	CH1908_60-scaffolds.fa
11669	1872	110	500	24720	92195	239056	139363	683017	39.37e6	CH1908_70-scaffolds.fa
10063	2011	140	502	21571	75655	187910	103005	364276	39.58e6	CH1908_80-scaffolds.fa
8852	2182	163	500	19798	65400	144473	93254	472281	39.7e6	CH1908_90-scaffolds.fa
139031	2531	314	504	13655	32746	67098	42644	172476	36.37e6	CH1910_20-scaffolds.fa
58106	1590	113	503	28907	89816	195866	128127	589418	37.74e6	CH1910_30-scaffolds.fa
32984	1675	111	500	29138	90770	204517	130296	589663	38.24e6	CH1910_40-scaffolds.fa
22002	1772	113	500	27746	89887	210286	128883	589583	38.75e6	CH1910_50-scaffolds.fa
15358	1810	125	502	26086	84689	192933	118857	589460	39.1e6	CH1910_60-scaffolds.fa
12266	1881	141	502	23751	75842	162201	108684	537567	39.35e6	CH1910_70-scaffolds.fa
10543	2018	160	501	21919	69493	141299	98840	589413	39.61e6	CH1910_80-scaffolds.fa
9137	2214	192	501	19555	58451	118739	83524	589444	39.79e6	CH1910_90-scaffolds.fa
152136	2379	280	500	14729	36378	76408	48104	188116	36.32e6	CH1911_20-scaffolds.fa
65031	1542	113	500	29764	91640	194004	124137	589459	37.76e6	CH1911_30-scaffolds.fa
37413	1626	112	500	29417	91804	186973	125133	589656	38.23e6	CH1911_40-scaffolds.fa
24909	1735	121	505	27894	87111	177002	118130	589540	38.76e6	CH1911_50-scaffolds.fa
17237	1780	127	500	26182	84966	176195	114977	589523	39.12e6	CH1911_60-scaffolds.fa
13333	1826	130	500	24737	82211	176225	112663	589455	39.4e6	CH1911_70-scaffolds.fa
11682	1944	149	500	23276	74435	153620	103014	589445	39.65e6	CH1911_80-scaffolds.fa
9671	2110	174	500	21441	66752	135455	88022	573695	39.82e6	CH1911_90-scaffolds.fa
131214	2737	338	500	12376	30171	65946	40605	172497	36.44e6	CH1913_20-scaffolds.fa
54475	1662	119	506	27859	83295	180758	119192	589615	37.77e6	CH1913_30-scaffolds.fa
30730	1713	122	501	28492	83389	183944	118324	589607	38.27e6	CH1913_40-scaffolds.fa
20471	1832	130	503	25934	83358	169464	110963	589416	38.77e6	CH1913_50-scaffolds.fa
14560	1848	136	502	24334	79827	166714	106892	589572	39.07e6	CH1913_60-scaffolds.fa
11733	1920	156	500	23799	73303	145396	96899	573672	39.33e6	CH1913_70-scaffolds.fa
10248	2091	181	501	21839	65217	119905	84539	573648	39.57e6	CH1913_80-scaffolds.fa
9059	2309	217	500	18983	52613	100801	71813	573593	39.76e6	CH1913_90-scaffolds.fa
127370	2609	335	500	12973	31943	65308	40792	172230	36.43e6	CH1915_20-scaffolds.fa
56954	1611	119	506	28894	87049	186914	118337	589535	37.76e6	CH1915_30-scaffolds.fa
31977	1692	116	502	28816	89467	192975	122626	589469	38.2e6	CH1915_40-scaffolds.fa
20077	1784	126	502	26219	85196	181248	113271	589551	38.7e6	CH1915_50-scaffolds.fa
14791	1841	135	501	25210	77792	163371	108428	589578	39.08e6	CH1915_60-scaffolds.fa
11611	1904	156	500	23508	72820	139778	95735	578849	39.3e6	CH1915_70-scaffolds.fa
9793	2046	172	500	21939	67678	129213	87753	563051	39.54e6	CH1915_80-scaffolds.fa
8717	2221	202	500	19645	56518	111895	74468	521708	39.71e6	CH1915_90-scaffolds.fa
157081	23613	6374	500	843	1484	2627	1828	16937	29.98e6	LA0005_20-scaffolds.fa
53769	10470	2089	500	2453	5221	9574	6401	36856	35.71e6	LA0005_30-scaffolds.fa
37541	10151	2033	500	2576	5379	10019	6603	32732	36.01e6	LA0005_40-scaffolds.fa
29683	9740	1924	500	2731	5751	10588	7023	43793	36.32e6	LA0005_50-scaffolds.fa
24829	9375	1802	500	2885	6271	11453	7572	46796	36.76e6	LA0005_60-scaffolds.fa
22894	10142	1987	500	2653	5671	10501	6902	43155	36.84e6	LA0005_70-scaffolds.fa
22232	11111	2244	500	2394	4992	9252	6161	46836	36.82e6	LA0005_80-scaffolds.fa
22389	12052	2494	500	2168	4477	8359	5560	36152	36.74e6	LA0005_90-scaffolds.fa
142590	22998	6129	500	886	1581	2801	1942	16999	30.63e6	LA0021_20-scaffolds.fa
45123	8741	1692	500	3027	6487	11934	7933	48233	35.92e6	LA0021_30-scaffolds.fa
30967	6977	1308	500	3963	8584	15832	10282	42526	36.36e6	LA0021_40-scaffolds.fa
23972	6849	1281	500	4111	8911	16226	10584	40661	36.61e6	LA0021_50-scaffolds.fa
20148	7190	1349	500	3937	8223	15379	10250	46770	36.79e6	LA0021_60-scaffolds.fa
17876	7211	1343	500	3982	8401	15391	10269	51163	36.97e6	LA0021_70-scaffolds.fa
17000	7789	1474	500	3572	7627	13977	9443	55879	36.95e6	LA0021_80-scaffolds.fa
16670	8258	1593	500	3351	7166	13160	8729	52242	37.08e6	LA0021_90-scaffolds.fa
167325	23707	6381	500	840	1496	2647	1833	16440	30.13e6	NP0037_20-scaffolds.fa
57041	10349	2034	500	2554	5434	10051	6610	29250	36.1e6	NP0037_30-scaffolds.fa
39117	10019	2010	500	2663	5551	10261	6812	37642	36.47e6	NP0037_40-scaffolds.fa
30876	9688	1900	500	2792	5867	10958	7215	36081	36.79e6	NP0037_50-scaffolds.fa
26181	10019	1982	500	2727	5776	10562	6996	49307	36.98e6	NP0037_60-scaffolds.fa
23075	9959	1942	500	2758	5916	10836	7247	55993	37.38e6	NP0037_70-scaffolds.fa
22135	10812	2143	500	2491	5311	9723	6583	56003	37.35e6	NP0037_80-scaffolds.fa
22118	11717	2385	500	2276	4772	8774	5947	56011	37.34e6	NP0037_90-scaffolds.fa
184069	23357	6162	500	875	1579	2798	1962	24441	31e6	NP0041_20-scaffolds.fa
65762	8646	1576	500	3170	7009	13400	8733	40199	36.87e6	NP0041_30-scaffolds.fa
46195	7137	1215	501	4072	9241	17407	11530	68262	37.49e6	NP0041_40-scaffolds.fa
35710	7573	1334	500	3839	8513	16186	10572	68274	37.81e6	NP0041_50-scaffolds.fa
29077	7550	1281	500	3907	8788	16856	11131	67476	38.2e6	NP0041_60-scaffolds.fa
25227	8014	1388	500	3688	8283	15969	10313	59863	38.47e6	NP0041_70-scaffolds.fa
23069	8211	1431	500	3587	8115	15522	10093	71292	38.64e6	NP0041_80-scaffolds.fa
21977	9149	1690	500	3178	6998	13124	8516	49619	38.7e6	NP0041_90-scaffolds.fa
169195	23938	6460	500	843	1485	2610	1823	13879	30.38e6	NP0052_20-scaffolds.fa
61387	8879	1614	500	3087	6870	12848	8480	56765	36.6e6	NP0052_30-scaffolds.fa
41169	8525	1570	500	3298	7217	13290	8774	49152	37.05e6	NP0052_40-scaffolds.fa
32020	8446	1538	500	3331	7363	13837	9077	50818	37.4e6	NP0052_50-scaffolds.fa
26732	8764	1592	500	3243	7160	13343	8856	66476	37.67e6	NP0052_60-scaffolds.fa
23577	8772	1591	500	3271	7311	13476	8802	51063	37.97e6	NP0052_70-scaffolds.fa
21898	8971	1649	500	3204	7075	13048	8657	54056	38.23e6	NP0052_80-scaffolds.fa
21407	9966	1900	500	2831	6060	11458	7517	47736	38.21e6	NP0052_90-scaffolds.fa
166713	24317	7185	500	744	1199	2034	1459	12069	26.48e6	NP0061_20-scaffolds.fa
66378	18037	4333	500	1238	2391	4245	2909	33138	33.03e6	NP0061_30-scaffolds.fa
48265	16727	3934	500	1395	2727	4826	3301	33548	34.09e6	NP0061_40-scaffolds.fa
41168	16992	3988	500	1371	2692	4802	3269	33466	34.19e6	NP0061_50-scaffolds.fa
36370	17382	4107	500	1344	2607	4674	3189	33915	34.18e6	NP0061_60-scaffolds.fa
37727	17849	4162	500	1360	2679	4817	3268	30181	35.66e6	NP0061_70-scaffolds.fa
37670	19488	4693	500	1227	2348	4200	2907	33565	35.26e6	NP0061_80-scaffolds.fa
38930	21195	5330	500	1106	2049	3624	2527	28059	34.67e6	NP0061_90-scaffolds.fa
142313	22636	5904	500	905	1653	2975	2028	13607	31.07e6	TH0014_20-scaffolds.fa
43216	7157	1286	500	3792	8512	15719	10438	48683	36.2e6	TH0014_30-scaffolds.fa
28734	6276	1133	502	4505	9972	18547	11983	58913	36.57e6	TH0014_40-scaffolds.fa
22737	5773	1012	500	4986	11210	20830	13419	57659	36.83e6	TH0014_50-scaffolds.fa
18793	6111	1078	500	4786	10491	19533	12729	58913	37.02e6	TH0014_60-scaffolds.fa
16760	6214	1086	500	4743	10341	19472	12739	58572	37.2e6	TH0014_70-scaffolds.fa
15615	6637	1180	500	4370	9524	17943	11817	58831	37.24e6	TH0014_80-scaffolds.fa
15312	7049	1292	500	4032	8850	16250	10745	58572	37.25e6	TH0014_90-scaffolds.fa
137794	23059	6166	500	876	1557	2763	1919	17900	30.42e6	TH0017_20-scaffolds.fa
43819	7706	1437	500	3525	7585	14311	9328	40428	35.99e6	TH0017_30-scaffolds.fa
29390	7390	1411	500	3733	7806	14716	9666	43634	36.25e6	TH0017_40-scaffolds.fa
23054	7222	1380	500	3846	8121	14955	9848	46573	36.46e6	TH0017_50-scaffolds.fa
19576	7553	1439	500	3760	7791	14312	9603	49661	36.63e6	TH0017_60-scaffolds.fa
17318	7516	1395	500	3708	7918	14935	9869	46753	36.78e6	TH0017_70-scaffolds.fa
16489	7646	1438	500	3625	7726	14447	9665	46773	36.94e6	TH0017_80-scaffolds.fa
16507	8585	1649	500	3208	6747	12536	8543	58794	36.91e6	TH0017_90-scaffolds.fa
