n	n:500	L50	min	N80	N50	N20	E-size	max	sum	name
216531	2048	202	500	18078	52732	106337	65369	294088	36.46e6	AG0004_20-scaffolds.fa
87526	1520	74	500	35378	129270	331312	181410	608932	38.24e6	AG0004_30-scaffolds.fa
50479	1611	62	500	31993	161200	369673	218872	919092	38.88e6	AG0004_40-scaffolds.fa
32921	1673	63	506	30844	155719	369695	217956	927008	39.57e6	AG0004_50-scaffolds.fa
22141	1694	65	501	29813	150747	367712	215245	927357	40.09e6	AG0004_60-scaffolds.fa
16716	1788	71	501	27395	138627	363090	213015	927093	40.46e6	AG0004_70-scaffolds.fa
12905	1903	90	501	23518	110162	307278	163113	590100	40.84e6	AG0004_80-scaffolds.fa
11235	2110	124	503	21072	84197	198748	120430	433587	41.11e6	AG0004_90-scaffolds.fa
254671	1999	194	500	18752	51188	104951	68116	304279	36.17e6	CM0028_20-scaffolds.fa
105429	1419	65	501	37185	152071	351210	199254	697965	37.81e6	CM0028_30-scaffolds.fa
67300	1483	59	500	35484	165631	417729	220093	697768	38.26e6	CM0028_40-scaffolds.fa
46604	1585	60	501	33571	164762	409353	222424	713900	38.77e6	CM0028_50-scaffolds.fa
34863	1614	63	505	31428	161878	379670	213470	697561	39.2e6	CM0028_60-scaffolds.fa
24934	1755	66	500	29862	151644	377538	209121	697545	39.78e6	CM0028_70-scaffolds.fa
18980	1862	67	500	28356	148149	379867	206980	698256	40.19e6	CM0028_80-scaffolds.fa
14676	2037	76	500	25205	141492	325837	189337	842288	40.61e6	CM0028_90-scaffolds.fa
287288	1681	189	500	25368	57370	109261	72574	307598	36.74e6	FR1067_20-scaffolds.fa
97631	1119	41	501	89137	258374	606304	364328	1470933	39.28e6	FR1067_30-scaffolds.fa
45619	1314	36	500	80798	266528	707147	460194	2064740	40.74e6	FR1067_40-scaffolds.fa
22909	1161	37	500	72333	276418	722650	456424	1975266	41.79e6	FR1067_50-scaffolds.fa
14766	918	37	508	80812	263294	787374	494941	2097434	42.29e6	FR1067_60-scaffolds.fa
10290	800	39	509	90286	280012	605790	483665	2097430	42.5e6	FR1067_70-scaffolds.fa
8013	884	48	508	80187	247610	524628	334319	1209449	42.71e6	FR1067_80-scaffolds.fa
6834	994	67	513	67817	193101	360145	239102	850464	42.94e6	FR1067_90-scaffolds.fa
294847	1713	188	500	24556	58724	112266	70617	289805	36.7e6	FR1069_20-scaffolds.fa
105392	1084	36	501	87743	323493	640043	403432	1615390	39.15e6	FR1069_30-scaffolds.fa
48130	1327	32	504	87988	346457	791207	480142	1787692	40.61e6	FR1069_40-scaffolds.fa
25597	1128	35	500	78829	291163	721930	473240	2064327	41.69e6	FR1069_50-scaffolds.fa
15745	932	33	503	87874	306371	826578	548918	2097182	42.23e6	FR1069_60-scaffolds.fa
11506	791	33	504	90380	336175	829390	507380	2064044	42.47e6	FR1069_70-scaffolds.fa
8526	843	37	506	82284	279771	829192	510215	2063370	42.69e6	FR1069_80-scaffolds.fa
7045	912	53	505	77743	215779	463145	317040	1172269	42.91e6	FR1069_90-scaffolds.fa
243156	1785	202	502	21125	51595	109678	67422	293922	36.49e6	GN0001_20-scaffolds.fa
85219	1106	38	500	57236	228721	629928	369427	1298954	38.48e6	GN0001_30-scaffolds.fa
42052	1275	33	502	53721	273694	886310	427245	1450995	39.61e6	GN0001_40-scaffolds.fa
22799	1187	32	501	57900	263896	894762	477921	1793088	40.69e6	GN0001_50-scaffolds.fa
13531	1128	28	500	61155	333904	977535	484283	1451338	41.32e6	GN0001_60-scaffolds.fa
9161	1163	34	501	59928	305664	808539	427221	1636158	41.87e6	GN0001_70-scaffolds.fa
6391	1221	43	500	55119	242756	599170	333496	973932	42.27e6	GN0001_80-scaffolds.fa
4771	1308	66	501	47803	164919	402244	233807	982314	42.5e6	GN0001_90-scaffolds.fa
196500	2254	207	500	17125	50020	105221	63203	246054	36.53e6	GY0040_20-scaffolds.fa
80886	1593	65	500	31346	148798	394535	203366	612132	38.31e6	GY0040_30-scaffolds.fa
46185	1697	66	502	29557	151879	376204	203183	647434	39.05e6	GY0040_40-scaffolds.fa
31825	1738	69	502	26777	140796	409504	201120	647515	39.78e6	GY0040_50-scaffolds.fa
22597	1795	71	504	25058	141925	361338	191149	647849	40.22e6	GY0040_60-scaffolds.fa
17054	1886	84	501	23077	124284	339889	167023	509152	40.7e6	GY0040_70-scaffolds.fa
14270	2080	102	502	21891	102096	281828	140948	444643	41.05e6	GY0040_80-scaffolds.fa
12157	2274	145	501	18333	73850	179547	105017	414082	41.29e6	GY0040_90-scaffolds.fa
250420	1592	190	500	22498	52932	115038	73915	354475	36.34e6	IR0012_20-scaffolds.fa
94763	884	54	502	66433	195231	417618	250666	874666	38.1e6	IR0012_30-scaffolds.fa
48398	961	41	500	75922	256331	545963	336796	1006352	38.98e6	IR0012_40-scaffolds.fa
28014	914	39	502	75973	265685	615710	345395	1006038	39.7e6	IR0012_50-scaffolds.fa
17907	871	41	502	72889	271081	601370	341121	1006119	40.24e6	IR0012_60-scaffolds.fa
11504	826	40	504	79590	293766	601360	345766	1012831	40.62e6	IR0012_70-scaffolds.fa
7639	775	43	503	78482	269327	554506	322939	1012709	40.89e6	IR0012_80-scaffolds.fa
5565	778	57	502	76139	229070	413358	251283	659675	41.11e6	IR0012_90-scaffolds.fa
268007	1624	190	501	22318	51669	120499	72391	305800	36.33e6	IR0013_20-scaffolds.fa
99530	874	42	502	66245	228690	596251	332886	987664	38e6	IR0013_30-scaffolds.fa
54858	979	39	500	71090	258064	662222	362863	1408812	38.88e6	IR0013_40-scaffolds.fa
31735	973	42	500	65588	258491	546010	329831	1247288	39.71e6	IR0013_50-scaffolds.fa
20168	946	52	506	62238	194916	417769	278080	987185	40.25e6	IR0013_60-scaffolds.fa
13822	965	65	502	59575	185263	346758	215645	772067	40.67e6	IR0013_70-scaffolds.fa
9348	987	88	503	52346	126153	264601	170673	772337	40.99e6	IR0013_80-scaffolds.fa
7165	1069	122	507	40670	100008	189209	122813	382741	41.16e6	IR0013_90-scaffolds.fa
252828	1615	194	501	22193	52680	112065	71875	304447	36.36e6	IR0015_20-scaffolds.fa
93097	857	40	505	68033	243044	630598	340710	952763	38.05e6	IR0015_30-scaffolds.fa
49981	957	34	501	70624	293134	695144	424478	1452066	38.94e6	IR0015_40-scaffolds.fa
29061	926	35	500	70598	291662	768665	409795	1451963	39.71e6	IR0015_50-scaffolds.fa
18682	901	38	502	71918	277436	606030	378688	1452069	40.26e6	IR0015_60-scaffolds.fa
11955	870	36	501	76227	298843	694077	410127	1462720	40.7e6	IR0015_70-scaffolds.fa
8347	853	43	500	76683	250239	627093	332722	987576	41.02e6	IR0015_80-scaffolds.fa
5950	852	68	502	59937	169508	341027	233018	1038674	41.2e6	IR0015_90-scaffolds.fa
224154	1534	182	500	23792	57667	115838	75164	339019	36.39e6	IR0083_20-scaffolds.fa
80649	859	38	500	70429	255324	584441	361261	1300851	38.06e6	IR0083_30-scaffolds.fa
43020	915	36	505	70679	258511	755966	389003	1300004	39e6	IR0083_40-scaffolds.fa
24015	899	37	501	76041	264875	738984	400685	1726399	39.72e6	IR0083_50-scaffolds.fa
14600	828	40	514	74605	242989	616161	383839	1726685	40.25e6	IR0083_60-scaffolds.fa
9364	789	40	506	76262	253209	568696	365981	1190451	40.6e6	IR0083_70-scaffolds.fa
6194	788	48	504	72234	248493	499811	291691	1012182	40.84e6	IR0083_80-scaffolds.fa
4532	824	71	500	55605	157486	332464	207483	796041	41.02e6	IR0083_90-scaffolds.fa
264455	1533	183	502	24161	55972	122275	73652	354480	36.32e6	IR0084_20-scaffolds.fa
110850	876	44	502	64744	229722	496961	308225	1006050	38.03e6	IR0084_30-scaffolds.fa
58432	972	40	500	70689	255568	615888	340069	1006569	38.93e6	IR0084_40-scaffolds.fa
34246	927	44	500	72531	256134	528116	309351	987093	39.64e6	IR0084_50-scaffolds.fa
22532	858	39	508	74395	266118	615464	359885	1107962	40.18e6	IR0084_60-scaffolds.fa
14428	832	41	501	75049	269018	572301	349940	1006619	40.56e6	IR0084_70-scaffolds.fa
9794	796	50	507	77599	214766	499751	290072	1112779	40.85e6	IR0084_80-scaffolds.fa
7152	844	67	504	62417	164353	381333	219972	794733	41.05e6	IR0084_90-scaffolds.fa
275723	1690	183	501	21793	55054	121055	73140	302418	36.13e6	IR0088_20-scaffolds.fa
112009	1002	57	503	46739	191339	357661	228534	736937	37.96e6	IR0088_30-scaffolds.fa
58138	1077	49	501	47646	218421	416602	293634	1276450	38.47e6	IR0088_40-scaffolds.fa
34827	1122	49	507	45238	223306	443429	294071	1276123	39.21e6	IR0088_50-scaffolds.fa
21866	975	50	511	47790	235335	425273	288413	1171773	39.62e6	IR0088_60-scaffolds.fa
15347	949	48	505	46334	230855	520516	299018	1219389	39.82e6	IR0088_70-scaffolds.fa
12180	957	48	502	42803	218241	493993	299654	1275489	40e6	IR0088_80-scaffolds.fa
10516	1012	56	504	40725	171351	472646	257619	1134098	40.23e6	IR0088_90-scaffolds.fa
272693	1707	205	501	20602	50467	112773	67331	249951	36.3e6	IR0095_20-scaffolds.fa
101087	954	65	501	57333	155185	352173	211725	746671	38.06e6	IR0095_30-scaffolds.fa
52748	1010	39	500	65193	267026	624095	360293	1300204	38.95e6	IR0095_40-scaffolds.fa
31943	942	37	501	70892	293644	700242	366773	1011567	39.75e6	IR0095_50-scaffolds.fa
20519	899	34	502	76155	305878	800892	409284	1286062	40.32e6	IR0095_60-scaffolds.fa
13650	890	35	502	80284	306256	744804	387974	1212586	40.75e6	IR0095_70-scaffolds.fa
9247	869	42	504	77529	258930	647467	368294	1545283	41.1e6	IR0095_80-scaffolds.fa
7150	869	61	502	74133	192223	374027	241352	875010	41.26e6	IR0095_90-scaffolds.fa
228004	2109	208	500	17562	50593	106234	63042	250124	36.43e6	IT0010_20-scaffolds.fa
102442	1475	55	502	35202	174280	419991	228956	698696	38.12e6	IT0010_30-scaffolds.fa
63212	1574	55	504	31890	173721	437063	239136	841896	38.7e6	IT0010_40-scaffolds.fa
44229	1654	57	500	30341	164635	419796	235670	841610	39.33e6	IT0010_50-scaffolds.fa
30771	1748	59	502	28053	163124	417070	226898	841633	39.81e6	IT0010_60-scaffolds.fa
22875	1804	64	502	25484	139344	418160	218903	841960	40.27e6	IT0010_70-scaffolds.fa
17153	1995	79	501	23111	124699	390183	191807	841903	40.72e6	IT0010_80-scaffolds.fa
14133	2176	115	501	20450	84093	226455	140620	591399	40.95e6	IT0010_90-scaffolds.fa
214455	1726	176	500	22996	62329	118138	79237	322091	36.58e6	JP0091_20-scaffolds.fa
84482	1054	34	502	72777	284102	865497	427874	1353111	38.3e6	JP0091_30-scaffolds.fa
51897	1147	27	500	72231	363195	1125771	546403	1837042	38.92e6	JP0091_40-scaffolds.fa
32856	1269	29	500	66905	363322	888380	526391	1837329	39.59e6	JP0091_50-scaffolds.fa
22531	1288	32	500	61604	298992	793182	475203	1501344	40.25e6	JP0091_60-scaffolds.fa
15552	1331	32	500	58732	296522	865655	470419	1613431	40.72e6	JP0091_70-scaffolds.fa
10882	1345	41	502	57556	263168	662462	374678	1377032	41.02e6	JP0091_80-scaffolds.fa
8156	1471	57	500	52313	195163	444175	269878	977789	41.36e6	JP0091_90-scaffolds.fa
190027	1974	192	501	18725	54064	112854	68684	283174	36.16e6	ML0060_20-scaffolds.fa
84665	1428	65	500	35415	162930	354214	199880	589297	37.74e6	ML0060_30-scaffolds.fa
51276	1529	64	501	33500	163771	361552	207713	697558	38.24e6	ML0060_40-scaffolds.fa
33655	1601	67	501	31328	153072	356545	201003	697639	38.75e6	ML0060_50-scaffolds.fa
24659	1637	70	505	27981	151617	351216	196302	697528	39.18e6	ML0060_60-scaffolds.fa
17958	1776	81	501	25115	123994	290189	175686	697897	39.58e6	ML0060_70-scaffolds.fa
14185	1967	100	500	23429	105722	249847	139858	532765	39.95e6	ML0060_80-scaffolds.fa
11260	2175	133	502	20565	77022	186886	111696	518680	40.22e6	ML0060_90-scaffolds.fa
187712	1987	200	500	18664	50988	110104	65229	224526	36.15e6	TN0050_20-scaffolds.fa
69720	1394	67	504	37497	159334	335094	191904	647698	37.64e6	TN0050_30-scaffolds.fa
39405	1470	61	507	33784	172735	387234	213588	647395	38.12e6	TN0050_40-scaffolds.fa
26427	1551	62	505	31459	170477	387124	213411	647539	38.69e6	TN0050_50-scaffolds.fa
18306	1542	62	503	30960	165131	396499	216741	647342	39.06e6	TN0050_60-scaffolds.fa
14131	1637	67	506	28438	161283	337809	198802	647479	39.42e6	TN0050_70-scaffolds.fa
11027	1769	71	501	26594	147023	337725	193654	674636	39.77e6	TN0050_80-scaffolds.fa
9808	1923	89	500	23443	119455	276243	156222	611796	39.98e6	TN0050_90-scaffolds.fa
193000	1911	194	505	19729	52619	115000	68906	372056	36.31e6	TR0025_20-scaffolds.fa
74911	1366	61	502	39039	152667	407400	220288	851456	37.84e6	TR0025_30-scaffolds.fa
46059	1488	55	502	38117	169633	431867	246349	913980	38.28e6	TR0025_40-scaffolds.fa
30135	1507	58	501	33896	162570	417779	239519	913924	38.79e6	TR0025_50-scaffolds.fa
21187	1583	57	500	31963	162382	420072	243247	914129	39.18e6	TR0025_60-scaffolds.fa
15968	1644	62	500	30916	148994	415266	226970	914486	39.56e6	TR0025_70-scaffolds.fa
12696	1763	65	504	29412	145454	391455	224116	913470	39.93e6	TR0025_80-scaffolds.fa
10703	1917	74	501	27166	130315	391461	197225	681651	40.19e6	TR0025_90-scaffolds.fa
263475	1625	160	500	23259	64164	142645	86308	369843	36.58e6	US0064_20-scaffolds.fa
113847	1027	33	502	69182	284968	927168	440317	1333464	38.36e6	US0064_30-scaffolds.fa
65710	1097	27	503	68003	366982	1089015	511009	1575114	39.03e6	US0064_40-scaffolds.fa
41921	1242	31	504	61774	296452	927949	479510	1638058	39.86e6	US0064_50-scaffolds.fa
28975	1327	28	500	57850	329459	1245201	541896	1638059	40.61e6	US0064_60-scaffolds.fa
20605	1396	31	501	54774	289715	1021508	489905	1638004	41.2e6	US0064_70-scaffolds.fa
15412	1473	37	500	53278	230922	806974	417880	1575181	41.55e6	US0064_80-scaffolds.fa
11983	1616	62	500	39290	176193	420314	251438	910126	41.97e6	US0064_90-scaffolds.fa
