n	n:500	L50	min	N80	N50	N20	E-size	max	sum	name
218514	1763	180	501	22513	55681	123017	76478	393795	36.37e6	BF0072_20-scaffolds.fa
81226	1229	61	501	47775	167802	361011	219470	850851	38.11e6	BF0072_30-scaffolds.fa
44403	1381	61	501	45632	164227	399962	224435	850843	38.88e6	BF0072_40-scaffolds.fa
28365	1546	65	501	45358	161521	326064	218494	802256	39.69e6	BF0072_50-scaffolds.fa
19177	1591	70	500	41380	153898	318847	202874	626473	40.3e6	BF0072_60-scaffolds.fa
14185	1634	74	500	40689	147565	318611	200981	853511	40.74e6	BF0072_70-scaffolds.fa
11531	1776	83	505	35080	140181	292282	182268	743934	41.19e6	BF0072_80-scaffolds.fa
9283	1929	109	500	30574	98773	225549	143298	660715	41.45e6	BF0072_90-scaffolds.fa
227061	1787	192	500	22028	56469	108483	70760	336481	36.47e6	BN0019_20-scaffolds.fa
80835	1198	64	500	49135	155917	350945	213918	741248	38.32e6	BN0019_30-scaffolds.fa
45296	1370	54	500	48991	169955	474063	252852	741297	39e6	BN0019_40-scaffolds.fa
27839	1486	55	501	45381	172977	474245	247570	743156	39.78e6	BN0019_50-scaffolds.fa
19125	1551	59	500	44339	169443	431359	238317	744207	40.38e6	BN0019_60-scaffolds.fa
14521	1609	59	500	43660	159358	458124	244749	743173	40.82e6	BN0019_70-scaffolds.fa
11208	1722	64	500	39163	155992	396057	226599	743132	41.26e6	BN0019_80-scaffolds.fa
9426	1827	81	504	33030	146046	292256	181727	702308	41.6e6	BN0019_90-scaffolds.fa
161985	2186	229	501	17271	44573	96098	58827	243231	36.41e6	BN0119_20-scaffolds.fa
57384	1434	73	502	34393	145670	316798	177178	611682	38.03e6	BN0119_30-scaffolds.fa
33134	1517	71	500	31564	136923	348281	186212	559057	38.53e6	BN0119_40-scaffolds.fa
22919	1666	73	503	30123	134378	355445	185792	611692	39.16e6	BN0119_50-scaffolds.fa
16871	1718	82	500	26848	126682	298821	166262	559218	39.52e6	BN0119_60-scaffolds.fa
13400	1868	92	502	25485	120009	266301	152642	558930	39.87e6	BN0119_70-scaffolds.fa
11241	1991	116	500	21757	98108	196179	123279	534361	40.22e6	BN0119_80-scaffolds.fa
10254	2288	152	502	17936	69980	161824	93453	368672	40.43e6	BN0119_90-scaffolds.fa
160721	2009	198	500	18038	51580	109739	69099	298015	36.37e6	BN0123_20-scaffolds.fa
62895	1420	68	502	35017	146971	355662	196985	627138	37.93e6	BN0123_30-scaffolds.fa
35294	1536	67	500	31984	150518	366787	203713	702272	38.51e6	BN0123_40-scaffolds.fa
22624	1641	71	500	29904	142121	335045	196609	702133	39.16e6	BN0123_50-scaffolds.fa
16461	1718	77	500	28910	132452	335037	186225	702277	39.57e6	BN0123_60-scaffolds.fa
13350	1872	90	504	25127	116890	274137	160027	661193	39.92e6	BN0123_70-scaffolds.fa
11078	2043	109	501	21702	95962	229338	133058	589347	40.31e6	BN0123_80-scaffolds.fa
9604	2306	158	502	18019	68626	152382	90608	361252	40.52e6	BN0123_90-scaffolds.fa
183925	2011	194	501	18330	52304	120000	68214	260427	36.39e6	BN0202_20-scaffolds.fa
65018	1429	57	501	37133	172390	394159	227651	698500	37.96e6	BN0202_30-scaffolds.fa
38792	1510	54	500	32336	195058	420039	241624	913975	38.55e6	BN0202_40-scaffolds.fa
25567	1599	59	507	30310	172575	419939	229140	913993	39.14e6	BN0202_50-scaffolds.fa
18734	1719	60	502	30000	162561	417322	220989	797207	39.57e6	BN0202_60-scaffolds.fa
15217	1875	64	502	28216	139536	417513	235850	1334580	39.93e6	BN0202_70-scaffolds.fa
12670	2089	85	502	24931	117665	304901	170143	696006	40.37e6	BN0202_80-scaffolds.fa
10683	2279	108	500	21037	95918	241919	136981	505190	40.65e6	BN0202_90-scaffolds.fa
177291	1887	176	503	19741	58115	124566	75424	332816	36.14e6	BN0252_20-scaffolds.fa
71228	1356	60	501	35711	171654	383064	214240	730959	37.73e6	BN0252_30-scaffolds.fa
41872	1492	57	502	34340	176059	417671	234830	801732	38.22e6	BN0252_40-scaffolds.fa
28678	1590	58	508	33347	175315	441552	228206	731036	38.8e6	BN0252_50-scaffolds.fa
21602	1652	59	500	31180	175260	441524	225057	731158	39.3e6	BN0252_60-scaffolds.fa
16545	1777	61	503	28886	171378	417825	222199	730960	39.78e6	BN0252_70-scaffolds.fa
13424	1951	65	500	25509	158786	417916	214560	731056	40.18e6	BN0252_80-scaffolds.fa
11414	2124	75	500	23412	141772	346524	186486	698449	40.65e6	BN0252_90-scaffolds.fa
188180	1858	170	502	20891	60311	125144	78027	373025	36.25e6	CD0065_20-scaffolds.fa
71169	1366	61	504	37205	170943	350045	207775	661032	37.71e6	CD0065_30-scaffolds.fa
42267	1422	54	500	41615	198529	407472	236976	758956	38.14e6	CD0065_40-scaffolds.fa
29660	1505	51	504	34404	219429	467048	247502	758737	38.68e6	CD0065_50-scaffolds.fa
21663	1623	55	500	33218	195070	466786	237779	758441	39.1e6	CD0065_60-scaffolds.fa
16849	1719	58	500	30169	174519	418344	223140	660741	39.49e6	CD0065_70-scaffolds.fa
14116	1883	65	501	28162	154531	367616	206135	660492	39.88e6	CD0065_80-scaffolds.fa
11634	2021	84	500	24865	117937	295721	165997	610331	40.11e6	CD0065_90-scaffolds.fa
188150	1981	176	501	18995	56541	124903	76682	392357	36.57e6	CD0142_20-scaffolds.fa
72266	1415	62	505	36961	152775	395543	217922	707737	38.35e6	CD0142_30-scaffolds.fa
40492	1523	54	505	36718	179505	446251	244360	887897	38.9e6	CD0142_40-scaffolds.fa
25894	1614	55	502	30687	178074	468623	238811	701437	39.55e6	CD0142_50-scaffolds.fa
19340	1649	55	500	29354	175397	494117	243892	702164	40.07e6	CD0142_60-scaffolds.fa
14671	1709	59	500	28707	165232	469430	235090	702201	40.5e6	CD0142_70-scaffolds.fa
12263	1783	59	501	27476	160120	494113	237271	702180	40.83e6	CD0142_80-scaffolds.fa
10354	1851	65	500	25237	150999	420254	220016	701890	41.18e6	CD0142_90-scaffolds.fa
182445	1639	180	500	21578	54123	121531	72964	309590	35.91e6	CH0043_20-scaffolds.fa
60373	997	58	501	44938	177015	350851	217086	647611	37.35e6	CH0043_30-scaffolds.fa
33699	1010	50	500	46043	224486	421878	253186	792671	37.46e6	CH0043_40-scaffolds.fa
20628	1049	50	507	44401	204902	421976	259689	792449	37.9e6	CH0043_50-scaffolds.fa
15039	1071	50	506	44127	225983	509955	255938	680789	38.26e6	CH0043_60-scaffolds.fa
11995	1083	48	509	44141	231923	549463	267442	792620	38.48e6	CH0043_70-scaffolds.fa
9651	1097	50	501	44306	205177	505310	263399	792195	38.59e6	CH0043_80-scaffolds.fa
8277	1149	54	503	41881	174664	437759	250968	792303	38.74e6	CH0043_90-scaffolds.fa
158704	1593	170	506	22043	62059	125526	76291	352623	36.03e6	CH0072_20-scaffolds.fa
50708	989	58	503	47535	177804	368694	221426	662523	37.29e6	CH0072_30-scaffolds.fa
27703	1044	53	517	46444	194081	419450	245070	914224	37.48e6	CH0072_40-scaffolds.fa
17022	1057	51	508	45399	200726	423064	250459	914179	37.93e6	CH0072_50-scaffolds.fa
12553	1063	53	521	43842	201753	418253	234865	662023	38.09e6	CH0072_60-scaffolds.fa
10143	1082	57	514	46120	189665	392641	225627	661823	38.25e6	CH0072_70-scaffolds.fa
8497	1132	57	500	44113	198097	386452	231529	913596	38.39e6	CH0072_80-scaffolds.fa
7454	1201	69	509	40390	152993	334989	192770	614364	38.52e6	CH0072_90-scaffolds.fa
149428	1949	199	500	19059	51993	109792	66229	255809	36.51e6	CH0452_20-scaffolds.fa
55056	1285	60	507	39976	172331	383076	224673	833020	37.89e6	CH0452_30-scaffolds.fa
33813	1374	60	506	37541	172191	394655	229502	914063	38.34e6	CH0452_40-scaffolds.fa
21759	1478	63	502	34339	161498	355129	219612	914136	38.88e6	CH0452_50-scaffolds.fa
15995	1517	65	500	31616	161350	355093	215089	914005	39.3e6	CH0452_60-scaffolds.fa
12869	1612	73	500	29065	147640	321544	209713	1334881	39.63e6	CH0452_70-scaffolds.fa
10586	1785	94	502	24228	110275	281038	152983	581344	39.9e6	CH0452_80-scaffolds.fa
9135	2022	127	503	21203	87417	179038	112718	442739	40.06e6	CH0452_90-scaffolds.fa
188981	1545	161	501	22669	60445	126583	83553	447127	35.71e6	CH0461_20-scaffolds.fa
65343	969	56	518	46446	191401	383331	225798	700778	37.04e6	CH0461_30-scaffolds.fa
37162	1001	49	509	48153	211229	465785	263035	914154	37.13e6	CH0461_40-scaffolds.fa
23138	1060	49	508	45996	207432	467210	264905	913822	37.54e6	CH0461_50-scaffolds.fa
17264	1062	48	510	45554	220363	505404	278483	951218	37.83e6	CH0461_60-scaffolds.fa
12963	1087	50	506	44780	213877	468667	267098	1001028	38e6	CH0461_70-scaffolds.fa
10603	1127	50	504	44674	211267	465461	264023	914495	38.23e6	CH0461_80-scaffolds.fa
8669	1200	53	509	41815	195678	429825	246337	714091	38.35e6	CH0461_90-scaffolds.fa
150963	1951	197	504	18512	50090	109450	67588	249308	36.26e6	CH0533_20-scaffolds.fa
52067	1331	65	502	39621	158937	345085	202264	698472	37.7e6	CH0533_30-scaffolds.fa
31533	1406	63	502	37224	162129	363759	210157	698506	38.12e6	CH0533_40-scaffolds.fa
19741	1455	63	508	34774	162663	355456	225553	988254	38.56e6	CH0533_50-scaffolds.fa
14894	1508	64	514	32181	155723	356709	209989	698269	38.95e6	CH0533_60-scaffolds.fa
11965	1546	69	502	31071	148123	344934	196686	698143	39.15e6	CH0533_70-scaffolds.fa
10378	1696	77	501	28402	133590	326681	180774	697948	39.41e6	CH0533_80-scaffolds.fa
8783	1853	96	500	24783	109127	254432	144982	589532	39.65e6	CH0533_90-scaffolds.fa
140291	1793	200	506	20272	52428	109417	66258	255631	36.2e6	CH1103_20-scaffolds.fa
46301	1091	55	500	45188	177780	408361	225691	646991	37.4e6	CH1103_30-scaffolds.fa
27096	1139	58	500	44093	170929	394451	218085	646682	37.75e6	CH1103_40-scaffolds.fa
16752	1202	58	501	41689	177974	395066	220299	646604	38.21e6	CH1103_50-scaffolds.fa
12321	1201	60	503	40561	173858	368057	213427	646958	38.46e6	CH1103_60-scaffolds.fa
10020	1207	62	501	40352	168716	386811	209141	646849	38.63e6	CH1103_70-scaffolds.fa
8766	1293	74	504	36241	144219	320579	182113	646608	38.77e6	CH1103_80-scaffolds.fa
7691	1412	97	501	31260	106102	269594	141893	494778	38.86e6	CH1103_90-scaffolds.fa
127505	1749	196	503	19641	51481	113562	66892	261136	35.86e6	CH1164_20-scaffolds.fa
39970	1010	56	510	44948	174977	416672	232852	822538	37e6	CH1164_30-scaffolds.fa
21738	1083	60	503	45900	164448	369615	216652	647342	37.3e6	CH1164_40-scaffolds.fa
13750	1120	59	500	41957	163014	422758	225553	691326	37.69e6	CH1164_50-scaffolds.fa
10700	1148	61	500	41575	155004	422920	219883	670271	37.85e6	CH1164_60-scaffolds.fa
8987	1188	69	500	39590	144233	329784	192397	647525	37.97e6	CH1164_70-scaffolds.fa
7862	1303	87	500	34064	112640	294371	165924	647084	38.05e6	CH1164_80-scaffolds.fa
7217	1528	129	500	26204	77886	180940	108715	382733	38.16e6	CH1164_90-scaffolds.fa
170068	2201	224	500	16982	45504	97501	61149	283386	36.51e6	IN0017_20-scaffolds.fa
61085	1468	79	500	32558	129730	311068	169142	611372	38.07e6	IN0017_30-scaffolds.fa
35742	1553	78	501	30993	132275	311180	171726	611572	38.6e6	IN0017_40-scaffolds.fa
24443	1697	84	500	26800	124437	311279	165252	704961	39.17e6	IN0017_50-scaffolds.fa
18042	1825	95	500	24693	103415	289433	148379	516032	39.57e6	IN0017_60-scaffolds.fa
14622	1938	116	501	22333	89653	216245	121576	474679	39.83e6	IN0017_70-scaffolds.fa
12922	2191	160	500	19243	65779	152374	91168	382462	40.16e6	IN0017_80-scaffolds.fa
11455	2552	232	500	14895	46666	104988	64390	307932	40.27e6	IN0017_90-scaffolds.fa
177390	1817	181	500	21216	58859	117402	73016	259759	36.14e6	IN0054_20-scaffolds.fa
61323	1237	60	500	43246	153225	416864	234818	1126663	37.79e6	IN0054_30-scaffolds.fa
34850	1301	51	500	42381	204688	467539	262281	1126250	38.03e6	IN0054_40-scaffolds.fa
23647	1304	52	502	42367	201250	480392	262068	1126562	38.51e6	IN0054_50-scaffolds.fa
17141	1343	51	501	40423	210436	480431	269590	1126972	38.84e6	IN0054_60-scaffolds.fa
13261	1448	52	501	38906	176485	467504	264896	1127273	39.2e6	IN0054_70-scaffolds.fa
10885	1511	55	501	36881	165696	480458	261727	1128982	39.44e6	IN0054_80-scaffolds.fa
8932	1587	59	505	33394	160597	447546	238230	914131	39.69e6	IN0054_90-scaffolds.fa
145417	2398	269	500	14517	38861	76572	50831	258087	36.46e6	IN0059_20-scaffolds.fa
54132	1404	75	501	30912	136617	307454	174401	611806	38.03e6	IN0059_30-scaffolds.fa
31256	1468	78	502	29694	132131	307101	171959	692324	38.39e6	IN0059_40-scaffolds.fa
20933	1599	84	501	27553	113154	286572	169181	692497	38.91e6	IN0059_50-scaffolds.fa
15911	1686	100	500	25658	101951	224348	144024	692313	39.3e6	IN0059_60-scaffolds.fa
13491	1838	122	502	22390	84623	183955	126085	692423	39.52e6	IN0059_70-scaffolds.fa
11954	2120	169	501	19076	65077	138218	89225	382818	39.71e6	IN0059_80-scaffolds.fa
10772	2521	240	502	14858	46886	94080	61878	273500	39.84e6	IN0059_90-scaffolds.fa
186465	1900	167	501	20996	59503	132861	77251	281814	36.28e6	IN0114_20-scaffolds.fa
71081	1371	58	502	39320	190661	394232	217909	626464	37.84e6	IN0114_30-scaffolds.fa
43740	1473	57	500	39009	179870	419476	230030	913992	38.33e6	IN0114_40-scaffolds.fa
27997	1553	58	500	35162	179402	438498	231527	913791	38.97e6	IN0114_50-scaffolds.fa
20341	1629	60	500	32952	168767	438693	220661	697029	39.38e6	IN0114_60-scaffolds.fa
16258	1733	65	502	31124	159986	438730	217916	852440	39.8e6	IN0114_70-scaffolds.fa
12492	1774	74	502	29368	146312	327107	188640	626319	40.09e6	IN0114_80-scaffolds.fa
10919	1947	92	500	26127	121438	266672	152498	573642	40.35e6	IN0114_90-scaffolds.fa
195557	1885	186	500	20385	54429	118376	71547	317152	36.18e6	IN0115_20-scaffolds.fa
76845	1296	61	500	40478	177707	356057	212776	959344	37.74e6	IN0115_30-scaffolds.fa
42206	1363	57	501	41045	201498	396702	230319	914382	38.04e6	IN0115_40-scaffolds.fa
28384	1440	57	506	39088	196959	394518	236969	914266	38.57e6	IN0115_50-scaffolds.fa
20417	1517	58	502	34384	205065	394591	230163	914244	39.01e6	IN0115_60-scaffolds.fa
15282	1590	59	502	34351	183833	394758	248387	1380913	39.33e6	IN0115_70-scaffolds.fa
12424	1625	61	501	32228	177764	396853	240171	1370883	39.59e6	IN0115_80-scaffolds.fa
10271	1759	69	502	30883	155707	352058	203482	813303	39.83e6	IN0115_90-scaffolds.fa
175643	1732	168	501	21092	60247	123234	75980	254972	36.17e6	IN0116_20-scaffolds.fa
67344	1201	62	500	41409	155551	364831	201998	568544	37.62e6	IN0116_30-scaffolds.fa
37962	1281	54	505	39625	190980	417435	236049	749086	37.99e6	IN0116_40-scaffolds.fa
25177	1337	54	502	38051	193393	417175	242968	913914	38.55e6	IN0116_50-scaffolds.fa
19093	1411	54	510	36964	193355	417171	241573	914052	38.86e6	IN0116_60-scaffolds.fa
14885	1474	55	508	34112	195509	417183	241536	914405	39.24e6	IN0116_70-scaffolds.fa
12309	1551	54	500	33404	200378	417113	244659	984805	39.53e6	IN0116_80-scaffolds.fa
10226	1687	58	500	31400	168258	416867	227908	714128	39.79e6	IN0116_90-scaffolds.fa
169754	2110	202	506	18046	50103	106110	68970	434632	36.4e6	ML0062_20-scaffolds.fa
61313	1438	55	501	34303	176339	413519	241889	1099552	37.98e6	ML0062_30-scaffolds.fa
36219	1516	55	500	33615	174632	430339	244184	1099048	38.47e6	ML0062_40-scaffolds.fa
24816	1611	54	508	31102	178813	431649	247775	1098985	39.03e6	ML0062_50-scaffolds.fa
18289	1660	56	503	29342	176484	431755	243655	1098913	39.41e6	ML0062_60-scaffolds.fa
14297	1785	58	501	27406	171921	418410	239550	1098758	39.78e6	ML0062_70-scaffolds.fa
11895	1915	68	500	24168	134477	386630	211033	969144	40.11e6	ML0062_80-scaffolds.fa
10182	2076	89	504	21666	111578	309884	163998	684799	40.33e6	ML0062_90-scaffolds.fa
173251	2101	209	500	17440	49709	105972	63114	293434	36.25e6	NG0012_20-scaffolds.fa
64226	1469	63	501	35346	148468	366841	208073	698457	37.89e6	NG0012_30-scaffolds.fa
38895	1578	62	501	33431	148371	374549	211866	698318	38.37e6	NG0012_40-scaffolds.fa
26252	1698	62	502	29947	148361	374886	214663	730677	38.98e6	NG0012_50-scaffolds.fa
20129	1755	68	503	28501	144992	346588	201207	730672	39.45e6	NG0012_60-scaffolds.fa
16261	1906	77	501	25868	128699	325761	180757	730823	39.88e6	NG0012_70-scaffolds.fa
13647	2101	100	501	22683	101079	270957	141087	537550	40.2e6	NG0012_80-scaffolds.fa
11919	2328	138	505	19649	75170	181574	108549	504568	40.45e6	NG0012_90-scaffolds.fa
177512	2000	194	500	18110	54369	110743	66807	251806	36.33e6	NG0054_20-scaffolds.fa
64545	1430	60	500	35818	174042	396737	217234	760223	37.83e6	NG0054_30-scaffolds.fa
36979	1561	60	501	33835	162030	384768	224090	730769	38.44e6	NG0054_40-scaffolds.fa
24927	1602	60	503	29756	162929	417578	219383	682938	38.98e6	NG0054_50-scaffolds.fa
18031	1666	65	502	29505	148832	374696	208493	698062	39.43e6	NG0054_60-scaffolds.fa
14143	1793	75	502	27335	135024	354002	186768	698205	39.86e6	NG0054_70-scaffolds.fa
12057	1935	90	500	23310	112654	272435	159797	698207	40.19e6	NG0054_80-scaffolds.fa
9935	2119	119	501	20733	82838	196592	123936	504557	40.45e6	NG0054_90-scaffolds.fa
189725	1530	161	500	22677	64185	134085	80489	347180	35.71e6	NP0058_20-scaffolds.fa
74444	1055	78	500	43851	138769	280923	168997	541083	37.12e6	NP0058_30-scaffolds.fa
41731	1057	54	502	45976	181646	434720	238915	698618	37.13e6	NP0058_40-scaffolds.fa
28077	1083	53	515	45839	187287	434743	242844	698928	37.63e6	NP0058_50-scaffolds.fa
19526	1081	55	501	45505	184551	434732	236613	698846	37.91e6	NP0058_60-scaffolds.fa
15025	1090	53	504	45743	185277	440041	245880	792410	38.11e6	NP0058_70-scaffolds.fa
12144	1135	54	500	43197	180083	439935	244963	792748	38.16e6	NP0058_80-scaffolds.fa
10124	1213	58	505	40221	161106	440241	237053	792538	38.38e6	NP0058_90-scaffolds.fa
147272	2031	196	501	18276	51684	114530	69654	393103	36.28e6	TG0004_20-scaffolds.fa
57339	1424	60	504	38556	180146	376857	219655	922836	37.77e6	TG0004_30-scaffolds.fa
32268	1521	62	502	34637	165511	388108	220154	837714	38.3e6	TG0004_40-scaffolds.fa
21221	1620	64	501	32026	163864	387176	216265	823095	38.84e6	TG0004_50-scaffolds.fa
15341	1724	66	500	30438	155819	341041	210487	786193	39.34e6	TG0004_60-scaffolds.fa
12479	1887	77	501	25721	141170	329773	186575	786253	39.72e6	TG0004_70-scaffolds.fa
10331	2045	98	501	22179	98697	256226	142891	580690	40.11e6	TG0004_80-scaffolds.fa
9104	2310	139	500	19363	76042	183077	102478	386838	40.38e6	TG0004_90-scaffolds.fa
200850	1956	186	501	18810	56562	115617	68198	244460	36.22e6	TG0032_20-scaffolds.fa
72569	1389	62	501	39393	176403	366761	216599	923077	37.82e6	TG0032_30-scaffolds.fa
42427	1485	56	501	35226	195285	419093	238827	923002	38.26e6	TG0032_40-scaffolds.fa
27241	1593	59	501	34302	192319	407659	230926	923267	38.82e6	TG0032_50-scaffolds.fa
19803	1677	57	500	31312	192525	439853	240658	923080	39.31e6	TG0032_60-scaffolds.fa
15256	1793	64	500	29352	171232	407693	216200	786499	39.76e6	TG0032_70-scaffolds.fa
12088	1915	68	500	25843	160904	357620	200238	660049	40.2e6	TG0032_80-scaffolds.fa
10331	2067	81	503	23147	126813	303047	172435	659935	40.5e6	TG0032_90-scaffolds.fa
167649	1968	194	500	20209	54257	112187	68809	295558	36.53e6	TN0001_20-scaffolds.fa
59330	1420	59	501	38279	180651	392520	212941	681480	38.14e6	TN0001_30-scaffolds.fa
32863	1485	57	500	35277	195502	393915	221946	614505	38.7e6	TN0001_40-scaffolds.fa
22261	1561	61	514	33738	178121	391740	218516	775653	39.28e6	TN0001_50-scaffolds.fa
16342	1586	60	502	31230	167900	394074	218238	680874	39.66e6	TN0001_60-scaffolds.fa
12382	1676	65	501	30023	160657	375241	206465	680720	40.09e6	TN0001_70-scaffolds.fa
10656	1778	74	502	29150	145488	341320	189725	681149	40.31e6	TN0001_80-scaffolds.fa
8963	1912	92	502	24636	109318	278807	155380	581761	40.51e6	TN0001_90-scaffolds.fa
180013	1975	178	503	19967	54980	129363	76700	296321	36.5e6	TN0002_20-scaffolds.fa
65170	1420	62	500	38119	177822	342006	201552	604685	38.13e6	TN0002_30-scaffolds.fa
38739	1482	57	500	35512	203944	393906	221722	681393	38.71e6	TN0002_40-scaffolds.fa
25134	1577	58	500	33392	194318	394251	219632	681076	39.29e6	TN0002_50-scaffolds.fa
18922	1604	59	501	31316	194399	392772	219895	680729	39.7e6	TN0002_60-scaffolds.fa
14057	1678	61	507	29463	169603	393024	217805	680904	40.18e6	TN0002_70-scaffolds.fa
11303	1733	65	503	29158	167808	367035	203810	681030	40.45e6	TN0002_80-scaffolds.fa
9763	1803	73	500	28420	141139	329416	186393	680835	40.63e6	TN0002_90-scaffolds.fa
181166	1895	177	500	19511	52073	127037	78455	412964	36.25e6	TN0057_20-scaffolds.fa
63273	1350	71	501	33781	153865	322495	179471	570846	37.86e6	TN0057_30-scaffolds.fa
35884	1390	57	503	35051	180344	392548	223741	647382	38.28e6	TN0057_40-scaffolds.fa
24033	1502	59	500	31805	172545	395709	221324	647511	38.84e6	TN0057_50-scaffolds.fa
17370	1522	60	511	31438	176181	386991	216670	627311	39.26e6	TN0057_60-scaffolds.fa
13632	1534	62	501	31067	165924	392714	214414	647613	39.56e6	TN0057_70-scaffolds.fa
11258	1660	63	505	30456	160441	392528	216905	714721	39.95e6	TN0057_80-scaffolds.fa
9351	1765	69	500	26724	139859	382909	201287	647179	40.28e6	TN0057_90-scaffolds.fa
214912	1881	170	500	20696	60267	131195	76473	269722	36.42e6	TN0065_20-scaffolds.fa
81428	1385	61	512	38305	172048	387320	210873	681299	38.1e6	TN0065_30-scaffolds.fa
47577	1455	56	501	34393	194001	394448	234580	933208	38.62e6	TN0065_40-scaffolds.fa
30322	1527	58	500	33926	180842	418234	233126	933455	39.21e6	TN0065_50-scaffolds.fa
21963	1577	57	504	31669	178077	440339	236979	933507	39.63e6	TN0065_60-scaffolds.fa
15900	1647	59	501	31208	169690	418336	224658	681201	40.09e6	TN0065_70-scaffolds.fa
12376	1687	61	500	30019	169527	411361	219304	681037	40.4e6	TN0065_80-scaffolds.fa
10409	1784	74	502	29063	141909	349713	191025	681034	40.7e6	TN0065_90-scaffolds.fa
202343	2034	190	500	19655	52476	123115	69735	257797	36.5e6	TN0090_20-scaffolds.fa
72291	1402	63	500	39164	175025	392294	206159	681607	38.25e6	TN0090_30-scaffolds.fa
41886	1485	58	500	37266	188459	394464	221983	681467	38.72e6	TN0090_40-scaffolds.fa
26832	1589	58	501	33311	175484	418220	233665	933627	39.34e6	TN0090_50-scaffolds.fa
19347	1624	59	504	30990	178083	429110	222875	681239	39.71e6	TN0090_60-scaffolds.fa
14786	1694	60	502	30329	167878	418193	222684	681122	40.12e6	TN0090_70-scaffolds.fa
11565	1747	63	503	29126	163796	418492	215446	681604	40.46e6	TN0090_80-scaffolds.fa
9947	1899	78	502	26124	125510	335245	184924	680777	40.74e6	TN0090_90-scaffolds.fa
165138	2235	231	500	17245	45353	94453	60725	259819	36.73e6	US0041_20-scaffolds.fa
63550	1563	65	500	33680	147454	355278	211997	933244	38.4e6	US0041_30-scaffolds.fa
36187	1662	60	504	31046	151157	413208	229249	933103	39.05e6	US0041_40-scaffolds.fa
22941	1732	62	500	28442	151077	402874	214038	662681	39.72e6	US0041_50-scaffolds.fa
16404	1765	69	505	25851	143730	368381	197895	662717	40.23e6	US0041_60-scaffolds.fa
13150	1863	84	500	23301	122507	325605	169811	566823	40.65e6	US0041_70-scaffolds.fa
11033	1979	98	501	22212	106220	270535	144022	461239	40.91e6	US0041_80-scaffolds.fa
9724	2180	131	500	20387	87726	178834	110479	455356	41.07e6	US0041_90-scaffolds.fa
174339	1944	210	500	18700	49064	106901	62697	270770	36.33e6	VT0027_20-scaffolds.fa
61482	1274	59	501	40035	174932	366840	224123	661679	37.77e6	VT0027_30-scaffolds.fa
34818	1376	57	501	38561	170691	419729	240025	913854	38.18e6	VT0027_40-scaffolds.fa
22897	1439	57	506	36720	177945	408347	239051	913783	38.61e6	VT0027_50-scaffolds.fa
17673	1477	62	500	35531	166876	391366	219372	671003	38.99e6	VT0027_60-scaffolds.fa
14176	1553	71	502	30856	149548	306956	197480	860838	39.27e6	VT0027_70-scaffolds.fa
12187	1683	90	500	27212	122194	271408	158120	568315	39.51e6	VT0027_80-scaffolds.fa
10911	1897	124	504	23136	86265	182438	115135	504412	39.63e6	VT0027_90-scaffolds.fa
163546	1976	192	503	19861	54920	114614	69433	249074	36.45e6	VT0030_20-scaffolds.fa
56607	1360	54	500	40605	180300	437653	239181	914092	38.05e6	VT0030_30-scaffolds.fa
32914	1467	53	501	39163	180677	437702	242714	913646	38.53e6	VT0030_40-scaffolds.fa
22692	1542	50	504	38458	191512	478934	257200	913577	39.05e6	VT0030_50-scaffolds.fa
16914	1643	54	500	33020	178032	476118	240238	764558	39.46e6	VT0030_60-scaffolds.fa
13197	1722	61	504	30329	166272	394560	223749	913808	39.87e6	VT0030_70-scaffolds.fa
11209	1832	69	501	27665	158447	406629	204747	831750	40.18e6	VT0030_80-scaffolds.fa
9634	2041	90	500	22319	128020	269764	157095	542205	40.53e6	VT0030_90-scaffolds.fa
