Id souche	Nombre séquence	Longueur total	Taux GC	longueur bases masquée	Pourcentage bases masquées
AG0004_40	50479	42.422284 	50.83	2795990 	6.59
CH1857_40	33242	40.621140 	50.95	2244352 	5.53
CH1858_30	57535	40.777192 	50.86	2043337 	5.01
CH1859_40	36405	41.088285 	50.98	2329788 	5.67
CH1861_40	31709	40.441913 	50.94	2253832 	5.57
CH1862_40	31736	40.486880 	50.97	2209896 	5.46
CH1863_40	33044	40.594789 	50.99	2232026 	5.50
CH1865_40	30223	40.362487 	50.96	2122574 	5.26
CH1866_40	34136	40.575957 	50.85	2183486 	5.38
CH1868_40	37049	40.660979 	50.90	2422291 	5.96
CH1869_40	24804	39.273505 	51.11	1923204 	4.90
CH1871_40	32136	40.478297 	50.97	2185175 	5.40
CH1873_30	56052	40.800354 	50.83	1960088 	4.80
CH1874_40	34040	40.543094 	51.02	2314282 	5.71
CH1876_40	29883	40.310144 	50.99	2143933 	5.32
CH1877_30	53979	40.627066 	50.89	1936961 	4.77
CH1878_50	21648	40.571546 	51.08	2248352 	5.54
CH1879_40	29304	40.314227 	50.98	2064447 	5.12
CH1881_40	30615	40.856423 	49.95	2166609 	5.30
CH1882_40	35312	40.569631 	51.01	2225125 	5.48
CH1883_30	56468	40.729396 	50.84	2020097 	4.96
CH1884_30	55452	40.668380 	50.86	2017163 	4.96
CH1885_40	31023	40.707296 	51.01	2145747 	5.27
CH1886_40	36443	40.732834 	51.01	2303205 	5.65
CH1887_40	32470	40.497001 	50.97	2170852 	5.36
CH1889_40	24928	39.808902 	51.06	1972971 	4.96
CH1890_40	30778	40.543992 	50.96	2158234 	5.32
CH1891_40	31914	40.506567 	51.00	2204385 	5.44
CH1892_40	33324	40.519506 	50.97	2295463 	5.67
CH1893_40	31512	40.445489 	51.04	2132075 	5.27
CH1894_30	56141	40.729274 	50.85	1970919 	4.84
CH1895_30	55438	40.705540 	50.81	1967479 	4.83
CH1896_40	32514	40.527260 	50.98	2198909 	5.43
CH1897_30	52809	40.592891 	50.88	1949934 	4.80
CH1898_40	32599	40.474437 	50.98	2225613 	5.50
CH1899_40	33596	40.507476 	51.00	2297644 	5.67
CH1900_30	57435	40.756192 	50.85	2130280 	5.23
CH1901_30	61717	40.969694 	50.86	2219536 	5.42
CH1902_40	32575	40.503240 	50.91	2153019 	5.32
CH1903_40	30737	40.362931 	50.95	2106598 	5.22
CH1904_40	31608	40.433490 	50.96	2147099 	5.31
CH1905_30	56046	40.644135 	50.73	1899383 	4.67
CH1906_40	32653	40.519580 	50.95	2187254 	5.40
CH1907_50	21631	40.576962 	51.06	2238742 	5.52
CH1908_40	29795	40.313487 	51.04	2051700 	5.09
CH1910_40	32984	40.565018 	50.94	2230264 	5.50
CH1911_40	37413	40.803123 	50.96	2362833 	5.79
CH1913_40	30730	40.432323 	50.97	2128812 	5.27
CH1915_40	31977	40.429312 	50.97	2215433 	5.48
CM0028_40	67300	42.796677 	50.97	3500802 	8.18
FR1067_70	10290	43.730962 	49.90	2055118 	4.70
FR1069_40	48130	44.389897 	49.63	2113755 	4.76
GN0001_60	13531	42.798592 	50.16	2458175 	5.74
GY0040_40	46185	42.360632 	50.88	2607786 	6.16
IR0012_70	11504	41.990937 	50.25	2931733 	6.98
IR0013_50	31735	42.473998 	50.00	2849793 	6.71
IR0015_70	11955	42.130628 	50.23	2881247 	6.84
IR0083_50	24015	41.880584 	50.27	2832149 	6.76
IR0084_70	14428	42.242329 	50.11	2922289 	6.92
IR0088_60	21866	41.738969 	50.13	2394315 	5.74
IR0095_70	13650	42.358460 	50.16	2950760 	6.97
IT0010_30	102442	43.309283 	50.80	3163696 	7.30
JP0091_50	32856	42.479582 	50.66	3060288 	7.20
ML0060_40	51276	41.771789 	51.05	3047434 	7.30
TN0050_40	39405	40.872276 	51.10	2435589 	5.96
TR0025_40	46059	41.431136 	51.10	2785961 	6.72
